-0.45 0.01 0.0 1.0
-0.45 -0.000166666666667 0.0 1.0
-0.45 -0.0205 0.0 1.0
-0.45 -0.051 0.0 1.0
-0.45 -0.0815 0.0 1.0
-0.45 -0.112 0.0 1.0
-0.45 -0.1425 0.0 1.0
-0.45 -0.173 0.0 1.0
-0.45 -0.2035 0.0 1.0
-0.45 -0.234 0.0 1.0
-0.45 -0.2645 0.0 1.0
-0.45 -0.295 0.0 1.0
-0.45 -0.3255 0.0 1.0
-0.45 -0.356 0.0 1.0
-0.45 -0.3865 0.0 1.0
-0.45 -0.417 0.0 1.0
-0.45 -0.4475 0.0 1.0
-0.45 -0.478 0.0 1.0
-0.45 -0.5085 0.0 1.0
-0.45 -0.539 0.0 1.0
-0.45 -0.5695 0.0 1.0
-0.45 -0.589833333333 0.0 1.0
-0.45 -0.6 0.0 1.0
-0.44 -0.6 0.0 1.0
-0.42 -0.6 0.0 1.0
-0.39 -0.6 0.0 1.0
-0.36 -0.6 0.0 1.0
-0.33 -0.6 0.0 1.0
-0.3 -0.6 0.0 1.0
-0.27 -0.6 0.0 1.0
-0.24 -0.6 0.0 1.0
-0.21 -0.6 0.0 1.0
-0.18 -0.6 0.0 1.0
-0.15 -0.6 0.0 1.0
-0.12 -0.6 0.0 1.0
-0.09 -0.6 0.0 1.0
-0.06 -0.6 0.0 1.0
-0.03 -0.6 0.0 1.0
0.0 -0.6 0.0 1.0
0.03 -0.6 0.0 1.0
0.06 -0.6 0.0 1.0
0.09 -0.6 0.0 1.0
0.12 -0.6 0.0 1.0
0.15 -0.6 0.0 1.0
0.18 -0.6 0.0 1.0
0.21 -0.6 0.0 1.0
0.24 -0.6 0.0 1.0
0.27 -0.6 0.0 1.0
0.3 -0.6 0.0 1.0
0.33 -0.6 0.0 1.0
0.36 -0.6 0.0 1.0
0.39 -0.6 0.0 1.0
0.42 -0.6 0.0 1.0
0.44 -0.6 0.0 1.0
0.45 -0.6 0.0 1.0
0.45 -0.589833333333 0.0 1.0
0.45 -0.5695 0.0 1.0
0.45 -0.539 0.0 1.0
0.45 -0.5085 0.0 1.0
0.45 -0.478 0.0 1.0
0.45 -0.4475 0.0 1.0
0.45 -0.417 0.0 1.0
0.45 -0.3865 0.0 1.0
0.45 -0.356 0.0 1.0
0.45 -0.3255 0.0 1.0
0.45 -0.295 0.0 1.0
0.45 -0.2645 0.0 1.0
0.45 -0.234 0.0 1.0
0.45 -0.2035 0.0 1.0
0.45 -0.173 0.0 1.0
0.45 -0.1425 0.0 1.0
0.45 -0.112 0.0 1.0
0.45 -0.0815 0.0 1.0
0.45 -0.051 0.0 1.0
0.45 -0.0205 0.0 1.0
0.45 -0.000166666666667 0.0 1.0
0.45 0.01 0.0 1.0
