-0.45 0.0 0.0 1.0
-0.45 -0.01 0.0 1.0
-0.45 -0.03 0.0 1.0
-0.45 -0.06 0.0 1.0
-0.45 -0.09 0.0 1.0
-0.45 -0.12 0.0 1.0
-0.45 -0.15 0.0 1.0
-0.45 -0.18 0.0 1.0
-0.45 -0.21 0.0 1.0
-0.45 -0.24 0.0 1.0
-0.45 -0.27 0.0 1.0
-0.45 -0.3 0.0 1.0
-0.45 -0.33 0.0 1.0
-0.45 -0.36 0.0 1.0
-0.45 -0.39 0.0 1.0
-0.45 -0.42 0.0 1.0
-0.45 -0.45 0.0 1.0
-0.45 -0.48 0.0 1.0
-0.45 -0.51 0.0 1.0
-0.45 -0.54 0.0 1.0
-0.45 -0.57 0.0 1.0
-0.45 -0.59 0.0 1.0
-0.45 -0.6 0.0 1.0
-0.440714285714 -0.6 0.0 1.0
-0.422142857143 -0.6 0.0 1.0
-0.394285714286 -0.6 0.0 1.0
-0.366428571429 -0.6 0.0 1.0
-0.338571428571 -0.6 0.0 1.0
-0.310714285714 -0.6 0.0 1.0
-0.282857142857 -0.6 0.0 1.0
-0.255 -0.6 0.0 1.0
-0.227142857143 -0.6 0.0 1.0
-0.199285714286 -0.6 0.0 1.0
-0.171428571429 -0.6 0.0 1.0
-0.143571428571 -0.6 0.0 1.0
-0.115714285714 -0.6 0.0 1.0
-0.0878571428571 -0.6 0.0 1.0
-0.0692857142857 -0.6 0.0 1.0
-0.06 -0.6 0.0 1.0
-0.0599999606716 -0.588538619546 0.0 1.0
-0.0598525016924 -0.565615834993 0.0 1.0
-0.0591838566072 -0.531237400705 0.0 1.0
-0.0580531663528 -0.496871079651 0.0 1.0
-0.0564334903194 -0.462523886151 0.0 1.0
-0.0542844246789 -0.428206780658 0.0 1.0
-0.0515384648906 -0.393927282375 0.0 1.0
-0.0481178621443 -0.359725556306 0.0 1.0
-0.0438083156095 -0.325556165633 0.0 1.0
-0.0386017429535 -0.291765140056 0.0 1.0
-0.031121283566 -0.257401445923 0.0 1.0
-0.0236661697581 -0.226819041237 0.0 1.0
8.87815224115e-10 -0.186590481423 0.0 1.0
0.0236661662068 -0.226819033071 0.0 1.0
0.0311212855262 -0.257401452558 0.0 1.0
0.0386017418303 -0.291765134489 0.0 1.0
0.0438083172612 -0.325556176411 0.0 1.0
0.0481178620361 -0.359725556775 0.0 1.0
0.0515384641409 -0.393927273882 0.0 1.0
0.0542844245485 -0.428206778251 0.0 1.0
0.0564334903267 -0.462523886548 0.0 1.0
0.0580531661968 -0.496871075783 0.0 1.0
0.0591838566261 -0.531237400851 0.0 1.0
0.0598525016036 -0.565615831815 0.0 1.0
0.059999960648 -0.588538610014 0.0 1.0
0.06 -0.6 0.0 1.0
0.0692857142857 -0.6 0.0 1.0
0.0878571428571 -0.6 0.0 1.0
0.115714285714 -0.6 0.0 1.0
0.143571428571 -0.6 0.0 1.0
0.171428571429 -0.6 0.0 1.0
0.199285714286 -0.6 0.0 1.0
0.227142857143 -0.6 0.0 1.0
0.255 -0.6 0.0 1.0
0.282857142857 -0.6 0.0 1.0
0.310714285714 -0.6 0.0 1.0
0.338571428571 -0.6 0.0 1.0
0.366428571429 -0.6 0.0 1.0
0.394285714286 -0.6 0.0 1.0
0.422142857143 -0.6 0.0 1.0
0.440714285714 -0.6 0.0 1.0
0.45 -0.6 0.0 1.0
0.45 -0.59 0.0 1.0
0.45 -0.57 0.0 1.0
0.45 -0.54 0.0 1.0
0.45 -0.51 0.0 1.0
0.45 -0.48 0.0 1.0
0.45 -0.45 0.0 1.0
0.45 -0.42 0.0 1.0
0.45 -0.39 0.0 1.0
0.45 -0.36 0.0 1.0
0.45 -0.33 0.0 1.0
0.45 -0.3 0.0 1.0
0.45 -0.27 0.0 1.0
0.45 -0.24 0.0 1.0
0.45 -0.21 0.0 1.0
0.45 -0.18 0.0 1.0
0.45 -0.15 0.0 1.0
0.45 -0.12 0.0 1.0
0.45 -0.09 0.0 1.0
0.45 -0.06 0.0 1.0
0.45 -0.03 0.0 1.0
0.45 -0.01 0.0 1.0
0.45 0.0 0.0 1.0
