-0.45 0.0 0.0 1.0
-0.45 -0.01 0.0 1.0
-0.45 -0.03 0.0 1.0
-0.45 -0.06 0.0 1.0
-0.45 -0.09 0.0 1.0
-0.45 -0.12 0.0 1.0
-0.45 -0.15 0.0 1.0
-0.45 -0.18 0.0 1.0
-0.45 -0.21 0.0 1.0
-0.45 -0.24 0.0 1.0
-0.45 -0.27 0.0 1.0
-0.45 -0.3 0.0 1.0
-0.45 -0.33 0.0 1.0
-0.45 -0.36 0.0 1.0
-0.45 -0.39 0.0 1.0
-0.45 -0.42 0.0 1.0
-0.45 -0.45 0.0 1.0
-0.45 -0.48 0.0 1.0
-0.45 -0.51 0.0 1.0
-0.45 -0.54 0.0 1.0
-0.45 -0.57 0.0 1.0
-0.45 -0.59 0.0 1.0
-0.45 -0.6 0.0 1.0
-0.440714285714 -0.6 0.0 1.0
-0.422142857143 -0.6 0.0 1.0
-0.394285714286 -0.6 0.0 1.0
-0.366428571429 -0.6 0.0 1.0
-0.338571428571 -0.6 0.0 1.0
-0.310714285714 -0.6 0.0 1.0
-0.282857142857 -0.6 0.0 1.0
-0.255 -0.6 0.0 1.0
-0.227142857143 -0.6 0.0 1.0
-0.199285714286 -0.6 0.0 1.0
-0.171428571429 -0.6 0.0 1.0
-0.143571428571 -0.6 0.0 1.0
-0.115714285714 -0.6 0.0 1.0
-0.0878571428571 -0.6 0.0 1.0
-0.0692857142857 -0.6 0.0 1.0
-0.06 -0.6 0.0 1.0
-0.0599999111279 -0.58832778861 0.0 1.0
-0.0597282572367 -0.564983074397 0.0 1.0
-0.058490930909 -0.529986357831 0.0 1.0
-0.0563687940878 -0.495028227635 0.0 1.0
-0.0532827217051 -0.460154207986 0.0 1.0
-0.0490016686135 -0.425354190229 0.0 1.0
-0.0434719699345 -0.390922676427 0.0 1.0
-0.0352346570737 -0.356245032239 0.0 1.0
-0.0263323757544 -0.324753173177 0.0 1.0
-5.2060259749e-11 -0.287623413269 0.0 1.0
0.0263323759626 -0.324753173748 0.0 1.0
0.0352346566976 -0.356245030702 0.0 1.0
0.0434719705235 -0.390922679453 0.0 1.0
0.0490016682194 -0.425354187819 0.0 1.0
0.0532827217152 -0.460154207771 0.0 1.0
0.0563687940641 -0.495028227324 0.0 1.0
0.0584909308671 -0.529986357598 0.0 1.0
0.0597282572802 -0.564983072559 0.0 1.0
0.0599999111964 -0.588327799097 0.0 1.0
0.06 -0.6 0.0 1.0
0.0692857142857 -0.6 0.0 1.0
0.0878571428571 -0.6 0.0 1.0
0.115714285714 -0.6 0.0 1.0
0.143571428571 -0.6 0.0 1.0
0.171428571429 -0.6 0.0 1.0
0.199285714286 -0.6 0.0 1.0
0.227142857143 -0.6 0.0 1.0
0.255 -0.6 0.0 1.0
0.282857142857 -0.6 0.0 1.0
0.310714285714 -0.6 0.0 1.0
0.338571428571 -0.6 0.0 1.0
0.366428571429 -0.6 0.0 1.0
0.394285714286 -0.6 0.0 1.0
0.422142857143 -0.6 0.0 1.0
0.440714285714 -0.6 0.0 1.0
0.45 -0.6 0.0 1.0
0.45 -0.59 0.0 1.0
0.45 -0.57 0.0 1.0
0.45 -0.54 0.0 1.0
0.45 -0.51 0.0 1.0
0.45 -0.48 0.0 1.0
0.45 -0.45 0.0 1.0
0.45 -0.42 0.0 1.0
0.45 -0.39 0.0 1.0
0.45 -0.36 0.0 1.0
0.45 -0.33 0.0 1.0
0.45 -0.3 0.0 1.0
0.45 -0.27 0.0 1.0
0.45 -0.24 0.0 1.0
0.45 -0.21 0.0 1.0
0.45 -0.18 0.0 1.0
0.45 -0.15 0.0 1.0
0.45 -0.12 0.0 1.0
0.45 -0.09 0.0 1.0
0.45 -0.06 0.0 1.0
0.45 -0.03 0.0 1.0
0.45 -0.01 0.0 1.0
0.45 0.0 0.0 1.0
