-0.45 0.0 0.0 1.0
-0.45 -0.01 0.0 1.0
-0.45 -0.03 0.0 1.0
-0.45 -0.06 0.0 1.0
-0.45 -0.09 0.0 1.0
-0.45 -0.12 0.0 1.0
-0.45 -0.15 0.0 1.0
-0.45 -0.18 0.0 1.0
-0.45 -0.21 0.0 1.0
-0.45 -0.24 0.0 1.0
-0.45 -0.27 0.0 1.0
-0.45 -0.3 0.0 1.0
-0.45 -0.33 0.0 1.0
-0.45 -0.36 0.0 1.0
-0.45 -0.39 0.0 1.0
-0.45 -0.42 0.0 1.0
-0.45 -0.45 0.0 1.0
-0.45 -0.48 0.0 1.0
-0.45 -0.51 0.0 1.0
-0.45 -0.54 0.0 1.0
-0.45 -0.57 0.0 1.0
-0.45 -0.59 0.0 1.0
-0.45 -0.6 0.0 1.0
-0.440714285714 -0.6 0.0 1.0
-0.422142857143 -0.6 0.0 1.0
-0.394285714286 -0.6 0.0 1.0
-0.366428571429 -0.6 0.0 1.0
-0.338571428571 -0.6 0.0 1.0
-0.310714285714 -0.6 0.0 1.0
-0.282857142857 -0.6 0.0 1.0
-0.255 -0.6 0.0 1.0
-0.227142857143 -0.6 0.0 1.0
-0.199285714286 -0.6 0.0 1.0
-0.171428571429 -0.6 0.0 1.0
-0.143571428571 -0.6 0.0 1.0
-0.115714285714 -0.6 0.0 1.0
-0.0878571428571 -0.6 0.0 1.0
-0.0692857142857 -0.6 0.0 1.0
-0.06 -0.6 0.0 1.0
-0.0599996695298 -0.58927691913 0.0 1.0
-0.059642828769 -0.567831196962 0.0 1.0
-0.0580032659926 -0.535697433215 0.0 1.0
-0.0551882778814 -0.503651263425 0.0 1.0
-0.0509737590372 -0.471728143001 0.0 1.0
-0.0452396018131 -0.440150127856 0.0 1.0
-0.0366355168154 -0.408743614476 0.0 1.0
-0.0264696726983 -0.379684762412 0.0 1.0
0.0 -0.350157620829 0.0 1.0
0.0264696726983 -0.379684762412 0.0 1.0
0.0366355168154 -0.408743614476 0.0 1.0
0.0452396018131 -0.440150127856 0.0 1.0
0.0509737590372 -0.471728143001 0.0 1.0
0.0551882778814 -0.503651263425 0.0 1.0
0.0580032659926 -0.535697433215 0.0 1.0
0.059642828769 -0.567831196962 0.0 1.0
0.0599996695298 -0.58927691913 0.0 1.0
0.06 -0.6 0.0 1.0
0.0692857142857 -0.6 0.0 1.0
0.0878571428571 -0.6 0.0 1.0
0.115714285714 -0.6 0.0 1.0
0.143571428571 -0.6 0.0 1.0
0.171428571429 -0.6 0.0 1.0
0.199285714286 -0.6 0.0 1.0
0.227142857143 -0.6 0.0 1.0
0.255 -0.6 0.0 1.0
0.282857142857 -0.6 0.0 1.0
0.310714285714 -0.6 0.0 1.0
0.338571428571 -0.6 0.0 1.0
0.366428571429 -0.6 0.0 1.0
0.394285714286 -0.6 0.0 1.0
0.422142857143 -0.6 0.0 1.0
0.440714285714 -0.6 0.0 1.0
0.45 -0.6 0.0 1.0
0.45 -0.59 0.0 1.0
0.45 -0.57 0.0 1.0
0.45 -0.54 0.0 1.0
0.45 -0.51 0.0 1.0
0.45 -0.48 0.0 1.0
0.45 -0.45 0.0 1.0
0.45 -0.42 0.0 1.0
0.45 -0.39 0.0 1.0
0.45 -0.36 0.0 1.0
0.45 -0.33 0.0 1.0
0.45 -0.3 0.0 1.0
0.45 -0.27 0.0 1.0
0.45 -0.24 0.0 1.0
0.45 -0.21 0.0 1.0
0.45 -0.18 0.0 1.0
0.45 -0.15 0.0 1.0
0.45 -0.12 0.0 1.0
0.45 -0.09 0.0 1.0
0.45 -0.06 0.0 1.0
0.45 -0.03 0.0 1.0
0.45 -0.01 0.0 1.0
0.45 0.0 0.0 1.0
