    0.0000   0.000000000E+00
    0.0120   0.000000000E+00
    0.0240  -2.499180918E-06
    0.0360  -9.847614723E-06
    0.0480  -2.401714882E-05
    0.0600  -4.646613740E-05
    0.0720  -7.806891317E-05
    0.0840  -1.191177111E-04
    0.0960  -1.693945023E-04
    0.1080  -2.283003553E-04
    0.1200  -2.950219819E-04
    0.1320  -3.687102005E-04
    0.1440  -4.486438610E-04
    0.1560  -5.343554160E-04
    0.1680  -6.257003488E-04
    0.1800  -7.228611517E-04
    0.1920  -8.262862629E-04
    0.2040  -9.365739487E-04
    0.2160  -1.054319230E-03
    0.2280  -1.179947465E-03
    0.2400  -1.313560294E-03
    0.2520  -1.454818009E-03
    0.2640  -1.602877198E-03
    0.2760  -1.756394429E-03
    0.2880  -1.913597022E-03
    0.3000  -2.072411948E-03
    0.3120  -2.230635183E-03
    0.3240  -2.386117705E-03
    0.3360  -2.536941711E-03
    0.3480  -2.681561882E-03
    0.3600  -2.818891521E-03
    0.3720  -2.948321278E-03
    0.3840  -3.069667991E-03
    0.3960  -3.183061281E-03
    0.4080  -3.288784811E-03
    0.4200  -3.387095866E-03
    0.4320  -3.478050445E-03
    0.4440  -3.561360501E-03
    0.4560  -3.636305543E-03
    0.4680  -3.701712924E-03
    0.4800  -3.756011074E-03
    0.4920  -3.797349052E-03
    0.5040  -3.823765834E-03
    0.5160  -3.833385173E-03
    0.5280  -3.824607883E-03
    0.5400  -3.796273552E-03
    0.5520  -3.747768038E-03
    0.5640  -3.679060883E-03
    0.5760  -3.590667043E-03
    0.5880  -3.483538356E-03
    0.6000  -3.358900617E-03
    0.6120  -3.218060272E-03
    0.6240  -3.062209454E-03
    0.6360  -2.892258586E-03
    0.6480  -2.708721899E-03
    0.6600  -2.511673493E-03
    0.6720  -2.300781121E-03
    0.6840  -2.075413257E-03
    0.6960  -1.834803975E-03
    0.7080  -1.578251374E-03
    0.7200  -1.305320138E-03
    0.7320  -1.016018015E-03
    0.7440  -7.109197176E-04
    0.7560  -3.912193850E-04
    0.7680  -5.870316101E-05
    0.7800   2.843548483E-04
    0.7920   6.353587208E-04
    0.8040   9.915952578E-04
    0.8160   1.350447450E-03
    0.8280   1.709585962E-03
    0.8400   2.067110869E-03
    0.8520   2.421623133E-03
    0.8640   2.772215701E-03
    0.8760   3.118385979E-03
    0.8880   3.459883152E-03
    0.9000   3.796513468E-03
    0.9120   4.127932896E-03
    0.9240   4.453458446E-03
    0.9360   4.771926749E-03
    0.9480   5.081621631E-03
    0.9600   5.380282409E-03
    0.9720   5.665193019E-03
    0.9840   5.933340398E-03
    0.9960   6.181620584E-03
    1.0080   6.407064061E-03
    1.0200   6.607049044E-03
    1.0320   6.779473080E-03
    1.0440   6.922859323E-03
    1.0560   7.036383238E-03
    1.0680   7.119817004E-03
    1.0800   7.173400741E-03
    1.0920   7.197660277E-03
    1.1040   7.193198757E-03
    1.1160   7.160493140E-03
    1.1280   7.099725762E-03
    1.1400   7.010676070E-03
    1.1520   6.892688964E-03
    1.1640   6.744725240E-03
    1.1760   6.565487927E-03
    1.1880   6.353607425E-03
    1.2000   6.107859803E-03
    1.2120   5.827387636E-03
    1.2240   5.511892075E-03
    1.2360   5.161768617E-03
    1.2480   4.778166826E-03
    1.2600   4.362964960E-03
    1.2720   3.918662514E-03
    1.2840   3.448205440E-03
    1.2960   2.954768413E-03
    1.3080   2.441524686E-03
    1.3200   1.911435848E-03
    1.3320   1.367090971E-03
    1.3440   8.106175828E-04
    1.3560   2.436766838E-04
    1.3680  -3.324580433E-04
    1.3800  -9.167488416E-04
    1.3920  -1.508192992E-03
    1.4040  -2.105602659E-03
    1.4160  -2.707399024E-03
    1.4280  -3.311452676E-03
    1.4400  -3.914995923E-03
    1.4520  -4.514622413E-03
    1.4640  -5.106376765E-03
    1.4760  -5.685923599E-03
    1.4880  -6.248773564E-03
    1.5000  -6.790535321E-03
    1.5120  -7.307158422E-03
    1.5240  -7.795133115E-03
    1.5360  -8.251619207E-03
    1.5480  -8.674486329E-03
    1.5600  -9.062260814E-03
    1.5720  -9.413988131E-03
    1.5840  -9.729032393E-03
    1.5960  -1.000684412E-02
    1.6080  -1.024673255E-02
    1.6200  -1.044767847E-02
    1.6320  -1.060821795E-02
    1.6440  -1.072641671E-02
    1.6560  -1.079994133E-02
    1.6680  -1.082621876E-02
    1.6800  -1.080266203E-02
    1.6920  -1.072693003E-02
    1.7040  -1.059718338E-02
    1.7160  -1.041229940E-02
    1.7280  -1.017201449E-02
    1.7400  -9.876973172E-03
    1.7520  -9.528676657E-03
    1.7640  -9.129338663E-03
    1.7760  -8.681670004E-03
    1.7880  -8.188624211E-03
    1.8000  -7.653142413E-03
    1.8120  -7.077935892E-03
    1.8240  -6.465339133E-03
    1.8360  -5.817255402E-03
    1.8480  -5.135202757E-03
    1.8600  -4.420452949E-03
    1.8720  -3.674241360E-03
    1.8840  -2.898015200E-03
    1.8960  -2.093681221E-03
    1.9080  -1.263814153E-03
    1.9200  -4.117928007E-04
    1.9320   4.581586655E-04
    1.9440   1.341032861E-03
    1.9560   2.231198379E-03
    1.9680   3.122635578E-03
    1.9800   4.009217443E-03
    1.9920   4.884997579E-03
    2.0040   5.744466484E-03
    2.0160   6.582742122E-03
    2.0280   7.395670586E-03
    2.0400   8.179826019E-03
    2.0520   8.932413714E-03
    2.0640   9.651094455E-03
    2.0760   1.033375938E-02
    2.0880   1.097829148E-02
    2.1000   1.158235138E-02
    2.1120   1.214322084E-02
    2.1240   1.265772912E-02
    2.1360   1.312227473E-02
    2.1480   1.353294192E-02
    2.1600   1.388569731E-02
    2.1720   1.417664095E-02
    2.1840   1.440227826E-02
    2.1960   1.455977578E-02
    2.2080   1.464716614E-02
    2.2200   1.466347408E-02
    2.2320   1.460874628E-02
    2.2440   1.448398108E-02
    2.2560   1.429096791E-02
    2.2680   1.403205865E-02
    2.2800   1.370990264E-02
    2.2920   1.332718164E-02
    2.3040   1.288638116E-02
    2.3160   1.238962913E-02
    2.3280   1.183862354E-02
    2.3400   1.123465843E-02
    2.3520   1.057874367E-02
    2.3640   9.871801079E-03
    2.3760   9.114908186E-03
    2.3880   8.309553722E-03
    2.4000   7.457866749E-03
    2.4120   6.562784223E-03
    2.4240   5.628130127E-03
    2.4360   4.658591568E-03
    2.4480   3.659591993E-03
    2.4600   2.637076589E-03
    2.4720   1.597237927E-03
    2.4840   5.462189216E-04
    2.4960  -5.101661496E-04
    2.5080  -1.566654001E-03
    2.5200  -2.618667351E-03
    2.5320  -3.662344175E-03
    2.5440  -4.694457937E-03
    2.5560  -5.712241462E-03
    2.5680  -6.713141501E-03
    2.5800  -7.694541891E-03
    2.5920  -8.653498672E-03
    2.6040  -9.586529540E-03
    2.6160  -1.048949263E-02
    2.6280  -1.135757662E-02
    2.6400  -1.218540738E-02
    2.6520  -1.296725902E-02
    2.6640  -1.369734053E-02
    2.6760  -1.437011808E-02
    2.6880  -1.498062675E-02
    2.7000  -1.552472689E-02
    2.7120  -1.599926844E-02
    2.7240  -1.640213969E-02
    2.7360  -1.673219428E-02
    2.7480  -1.698906822E-02
    2.7600  -1.717291547E-02
    2.7720  -1.728410318E-02
    2.7840  -1.732291444E-02
    2.7960  -1.728930562E-02
    2.8080  -1.718275790E-02
    2.8200  -1.700224791E-02
    2.8320  -1.674634443E-02
    2.8440  -1.641341845E-02
    2.8560  -1.600193594E-02
    2.8680  -1.551078980E-02
    2.8800  -1.493962085E-02
    2.8920  -1.428907924E-02
    2.9040  -1.356098608E-02
    2.9160  -1.275837015E-02
    2.9280  -1.188537269E-02
    2.9400  -1.094703298E-02
    2.9520  -9.948985359E-03
    2.9640  -8.897111510E-03
    2.9760  -7.797199013E-03
    2.9880  -6.654656360E-03
    3.0000  -5.474326237E-03
    3.0120  -4.260423970E-03
    3.0240  -3.016608844E-03
    3.0360  -1.746175614E-03
    3.0480  -4.523350318E-04
    3.0600   8.614613756E-04
    3.0720   2.191203636E-03
    3.0840   3.532062910E-03
    3.0960   4.878229664E-03
    3.1080   6.222877101E-03
    3.1200   7.558258192E-03
    3.1320   8.875925457E-03
    3.1440   1.016704528E-02
    3.1560   1.142276540E-02
    3.1680   1.263458707E-02
    3.1800   1.379469332E-02
    3.1920   1.489619156E-02
    3.2040   1.593324149E-02
    3.2160   1.690105608E-02
    3.2280   1.779578179E-02
    3.2400   1.861428109E-02
    3.2520   1.935385413E-02
    3.2640   2.001194431E-02
    3.2760   2.058587381E-02
    3.2880   2.107265054E-02
    3.3000   2.146887688E-02
    3.3120   2.177077664E-02
    3.3240   2.197434008E-02
    3.3360   2.207557079E-02
    3.3480   2.207080417E-02
    3.3600   2.195705745E-02
    3.3720   2.173236576E-02
    3.3840   2.139606030E-02
    3.3960   2.094895080E-02
    3.4080   2.039338699E-02
    3.4200   1.973318865E-02
    3.4320   1.897345141E-02
    3.4440   1.812025152E-02
    3.4560   1.718028644E-02
    3.4680   1.616049666E-02
    3.4800   1.506771665E-02
    3.4920   1.390839891E-02
    3.5040   1.268844513E-02
    3.5160   1.141316359E-02
    3.5280   1.008735477E-02
    3.5400   8.715508542E-03
    3.5520   7.302080448E-03
    3.5640   5.851801974E-03
    3.5760   4.369973981E-03
    3.5880   2.862693617E-03
    3.6000   1.336973879E-03
    3.6120  -1.992697014E-04
    3.6240  -1.737371119E-03
    3.6360  -3.268189482E-03
    3.6480  -4.782473619E-03
    3.6600  -6.271266753E-03
    3.6720  -7.726295014E-03
    3.6840  -9.140284745E-03
    3.6960  -1.050716295E-02
    3.7080  -1.182211167E-02
    3.7200  -1.308146815E-02
    3.7320  -1.428248541E-02
    3.7440  -1.542298882E-02
    3.7560  -1.650098093E-02
    3.7680  -1.751425515E-02
    3.7800  -1.846007870E-02
    3.7920  -1.933499516E-02
    3.8040  -2.013477905E-02
    3.8160  -2.085455136E-02
    3.8280  -2.148903997E-02
    3.8400  -2.203294637E-02
    3.8520  -2.248136314E-02
    3.8640  -2.283017885E-02
    3.8760  -2.307640820E-02
    3.8880  -2.321839703E-02
    3.9000  -2.325586992E-02
    3.9120  -2.318981250E-02
    3.9240  -2.302220538E-02
    3.9360  -2.275565013E-02
    3.9480  -2.239294467E-02
    3.9600  -2.193667458E-02
    3.9720  -2.138888524E-02
    3.9840  -2.075088775E-02
    3.9960  -2.002323137E-02
    4.0080  -1.920584941E-02
    4.0200  -1.829835810E-02
    4.0320  -1.730046428E-02
    4.0440  -1.621242021E-02
    4.0560  -1.503545653E-02
    4.0680  -1.377212732E-02
    4.0800  -1.242651428E-02
    4.0920  -1.100425827E-02
    4.1040  -9.512412010E-03
    4.1160  -7.959134614E-03
    4.1280  -6.353272264E-03
    4.1400  -4.703886898E-03
    4.1520  -3.019802575E-03
    4.1640  -1.309236590E-03
    4.1760   4.204308470E-04
    4.1880   2.162716124E-03
    4.2000   3.911915322E-03
    4.2120   5.662832583E-03
    4.2240   7.410399168E-03
    4.2360   9.149244995E-03
    4.2480   1.087329104E-02
    4.2600   1.257542713E-02
    4.2720   1.424732640E-02
    4.2840   1.587942747E-02
    4.2960   1.746109143E-02
    4.3080   1.898091671E-02
    4.3200   2.042717338E-02
    4.3320   2.178830318E-02
    4.3440   2.305342342E-02
    4.3560   2.421277360E-02
    4.3680   2.525805257E-02
    4.3800   2.618261011E-02
    4.3920   2.698147690E-02
    4.4040   2.765123912E-02
    4.4160   2.818978423E-02
    4.4280   2.859596084E-02
    4.4400   2.886920558E-02
    4.4520   2.900919225E-02
    4.4640   2.901555424E-02
    4.4760   2.888771953E-02
    4.4880   2.862488242E-02
    4.5000   2.822611713E-02
    4.5120   2.769061985E-02
    4.5240   2.701804803E-02
    4.5360   2.620891156E-02
    4.5480   2.526496190E-02
    4.5600   2.418952293E-02
    4.5720   2.298771274E-02
    4.5840   2.166651800E-02
    4.5960   2.023470083E-02
    4.6080   1.870253996E-02
    4.6200   1.708143050E-02
    4.6320   1.538338671E-02
    4.6440   1.362050658E-02
    4.6560   1.180446371E-02
    4.6680   9.946089628E-03
    4.6800   8.055098438E-03
    4.6920   6.139987120E-03
    4.7040   4.208120884E-03
    4.7160   2.265987127E-03
    4.7280   3.195768195E-04
    4.7400  -1.625167642E-03
    4.7520  -3.561910579E-03
    4.7640  -5.483560460E-03
    4.7760  -7.382049190E-03
    4.7880  -9.248294799E-03
    4.8000  -1.107236071E-02
    4.8120  -1.284379377E-02
    4.8240  -1.455209426E-02
    4.8360  -1.618724976E-02
    4.8480  -1.774025336E-02
    4.8600  -1.920352856E-02
    4.8720  -2.057119656E-02
    4.8840  -2.183914482E-02
    4.8960  -2.300488539E-02
    4.9080  -2.406722292E-02
    4.9200  -2.502578133E-02
    4.9320  -2.588046032E-02
    4.9440  -2.663090509E-02
    4.9560  -2.727607132E-02
    4.9680  -2.781395423E-02
    4.9800  -2.824152468E-02
    4.9920  -2.855488347E-02
    5.0040  -2.874961036E-02
    5.0160  -2.882125345E-02
    5.0280  -2.876588272E-02
    5.0400  -2.858062140E-02
    5.0520  -2.826407286E-02
    5.0640  -2.781657690E-02
    5.0760  -2.724025591E-02
    5.0880  -2.653884308E-02
    5.1000  -2.571731836E-02
    5.1120  -2.478140752E-02
    5.1240  -2.373702163E-02
    5.1360  -2.258972445E-02
    5.1480  -2.134431211E-02
    5.1600  -2.000457307E-02
    5.1720  -1.857326821E-02
    5.1840  -1.705233667E-02
    5.1960  -1.544329753E-02
    5.2080  -1.374778580E-02
    5.2200  -1.196814046E-02
    5.2320  -1.010795392E-02
    5.2440  -8.172498761E-03
    5.2560  -6.168967005E-03
    5.2680  -4.106485790E-03
    5.2800  -1.995906949E-03
    5.2920   1.505986525E-04
    5.3040   2.320082797E-03
    5.3160   4.499419166E-03
    5.3280   6.675874429E-03
    5.3400   8.837571365E-03
    5.3520   1.097378219E-02
    5.3640   1.307501748E-02
    5.3760   1.513290813E-02
    5.3880   1.713990957E-02
    5.4000   1.908888411E-02
    5.4120   2.097263444E-02
    5.4240   2.278346713E-02
    5.4360   2.451285820E-02
    5.4480   2.615127620E-02
    5.4600   2.768819448E-02
    5.4720   2.911229699E-02
    5.4840   3.041185603E-02
    5.4960   3.157523727E-02
    5.5080   3.259147148E-02
    5.5200   3.345082432E-02
    5.5320   3.414529641E-02
    5.5440   3.466899559E-02
    5.5560   3.501833983E-02
    5.5680   3.519207065E-02
    5.5800   3.519108070E-02
    5.5920   3.501808139E-02
    5.6040   3.467715564E-02
    5.6160   3.417325412E-02
    5.6280   3.351169891E-02
    5.6400   3.269775678E-02
    5.6520   3.173633487E-02
    5.6640   3.063183610E-02
    5.6760   2.938819177E-02
    5.6880   2.800906624E-02
    5.7000   2.649820605E-02
    5.7120   2.485988491E-02
    5.7240   2.309938060E-02
    5.7360   2.122341166E-02
    5.7480   1.924046373E-02
    5.7600   1.716094724E-02
    5.7720   1.499714974E-02
    5.7840   1.276297385E-02
    5.7960   1.047348259E-02
    5.8080   8.144302698E-03
    5.8200   5.790958536E-03
    5.8320   3.428221786E-03
    5.8440   1.069561793E-03
    5.8560  -1.273230998E-03
    5.8680  -3.590199387E-03
    5.8800  -5.873133298E-03
    5.8920  -8.115259413E-03
    5.9040  -1.031075610E-02
    5.9160  -1.245417033E-02
    5.9280  -1.453982975E-02
    5.9400  -1.656134504E-02
    5.9520  -1.851128495E-02
    5.9640  -2.038107897E-02
    5.9760  -2.216116713E-02
    5.9880  -2.384137636E-02
    6.0000  -2.541146648E-02
    6.0120  -2.686176199E-02
    6.0240  -2.818377167E-02
    6.0360  -2.937070020E-02
    6.0480  -3.041777282E-02
    6.0600  -3.132232230E-02
    6.0720  -3.208362381E-02
    6.0840  -3.270250145E-02
    6.0960  -3.318076523E-02
    6.1080  -3.352056444E-02
    6.1200  -3.372375749E-02
    6.1320  -3.379139703E-02
    6.1440  -3.372341201E-02
    6.1560  -3.351853782E-02
    6.1680  -3.317450667E-02
    6.1800  -3.268846924E-02
    6.1920  -3.205758189E-02
    6.2040  -3.127966771E-02
    6.2160  -3.035384861E-02
    6.2280  -2.928105012E-02
    6.2400  -2.806430096E-02
    6.2520  -2.670878085E-02
    6.2640  -2.522160831E-02
    6.2760  -2.361140027E-02
    6.2880  -2.188767019E-02
    6.3000  -2.006015761E-02
    6.3120  -1.813819328E-02
    6.3240  -1.613019924E-02
    6.3360  -1.404340278E-02
    6.3480  -1.188380894E-02
    6.3600  -9.656435752E-03
    6.3720  -7.365774246E-03
    6.3840  -5.016399700E-03
    6.3960  -2.613636835E-03
    6.4080  -1.641740285E-04
    6.4200   2.323469355E-03
    6.4320   4.838694741E-03
    6.4440   7.368833598E-03
    6.4560   9.899414202E-03
    6.4680   1.241464881E-02
    6.4800   1.489807333E-02
    6.4920   1.733325162E-02
    6.5040   1.970444957E-02
    6.5160   2.199719188E-02
    6.5280   2.419863432E-02
    6.5400   2.629771313E-02
    6.5520   2.828506725E-02
    6.5640   3.015276126E-02
    6.5760   3.189386480E-02
    6.5880   3.350196189E-02
    6.6000   3.497067036E-02
    6.6120   3.629324652E-02
    6.6240   3.746233520E-02
    6.6360   3.846990359E-02
    6.6480   3.930737227E-02
    6.6600   3.996593129E-02
    6.6720   4.043700664E-02
    6.6840   4.071282393E-02
    6.6960   4.078700396E-02
    6.7080   4.065512051E-02
    6.7200   4.031515394E-02
    6.7320   3.976778536E-02
    6.7440   3.901649402E-02
    6.7560   3.806744279E-02
    6.7680   3.692916097E-02
    6.7800   3.561205796E-02
    6.7920   3.412782162E-02
    6.8040   3.248876989E-02
    6.8160   3.070723112E-02
    6.8280   2.879502574E-02
    6.8400   2.676311111E-02
    6.8520   2.462143154E-02
    6.8640   2.237899020E-02
    6.8760   2.004413002E-02
    6.8880   1.762498095E-02
    6.9000   1.513000406E-02
    6.9120   1.256854493E-02
    6.9240   9.951302364E-03
    6.9360   7.290627004E-03
    6.9480   4.600587066E-03
    6.9600   1.896772633E-03
    6.9720  -8.041499741E-04
    6.9840  -3.485082350E-03
    6.9960  -6.129252506E-03
    7.0080  -8.720983345E-03
    7.0200  -1.124636266E-02
    7.0320  -1.369371871E-02
    7.0440  -1.605383268E-02
    7.0560  -1.831985661E-02
    7.0680  -2.048694834E-02
    7.0800  -2.255167731E-02
    7.0920  -2.451129057E-02
    7.1040  -2.636295212E-02
    7.1160  -2.810307439E-02
    7.1280  -2.972684793E-02
    7.1400  -3.122804438E-02
    7.1520  -3.259912421E-02
    7.1640  -3.383163175E-02
    7.1760  -3.491681396E-02
    7.1880  -3.584636371E-02
    7.2000  -3.661316979E-02
    7.2120  -3.721195593E-02
    7.2240  -3.763970953E-02
    7.2360  -3.789583396E-02
    7.2480  -3.798200026E-02
    7.2600  -3.790171901E-02
    7.2720  -3.765969617E-02
    7.2840  -3.726107040E-02
    7.2960  -3.671065011E-02
    7.3080  -3.601227050E-02
    7.3200  -3.516837446E-02
    7.3320  -3.417988696E-02
    7.3440  -3.304640639E-02
    7.3560  -3.176668604E-02
    7.3680  -3.033933190E-02
    7.3800  -2.876360851E-02
    7.3920  -2.704022754E-02
    7.4040  -2.517199744E-02
    7.4160  -2.316423473E-02
    7.4280  -2.102487520E-02
    7.4400  -1.876426832E-02
    7.4520  -1.639468678E-02
    7.4640  -1.392962560E-02
    7.4760  -1.138299865E-02
    7.4880  -8.768356029E-03
    7.5000  -6.098243641E-03
    7.5120  -3.383803493E-03
    7.5240  -6.346749621E-04
    7.5360   2.140791117E-03
    7.5480   4.935044380E-03
    7.5600   7.740655802E-03
    7.5720   1.054956056E-02
    7.5840   1.335234669E-02
    7.5960   1.613770372E-02
    7.6080   1.889211828E-02
    7.6200   2.159986506E-02
    7.6320   2.424329814E-02
    7.6440   2.680340604E-02
    7.6560   2.926055985E-02
    7.6680   3.159535971E-02
    7.6800   3.378947604E-02
    7.6920   3.582638591E-02
    7.7040   3.769192369E-02
    7.7160   3.937459210E-02
    7.7280   4.086561379E-02
    7.7400   4.215873732E-02
    7.7520   4.324984196E-02
    7.7640   4.413640870E-02
    7.7760   4.481693806E-02
    7.7880   4.529039702E-02
    7.8000   4.555576948E-02
    7.8120   4.561176811E-02
    7.8240   4.545674408E-02
    7.8360   4.508880695E-02
    7.8480   4.450614219E-02
    7.8600   4.370749019E-02
    7.8720   4.269273010E-02
    7.8840   4.146349563E-02
    7.8960   4.002374209E-02
    7.9080   3.838018425E-02
    7.9200   3.654253586E-02
    7.9320   3.452350232E-02
    7.9440   3.233850617E-02
    7.9560   3.000515873E-02
    7.9680   2.754252498E-02
    7.9800   2.497025880E-02
    7.9920   2.230770748E-02
    8.0040   1.957309274E-02
    8.0160   1.678287012E-02
    8.0280   1.395134830E-02
    8.0400   1.109061734E-02
    8.0520   8.210793837E-03
    8.0640   5.320545715E-03
    8.0760   2.427816140E-03
    8.0880  -4.593675959E-04
    8.1000  -3.332132224E-03
    8.1120  -6.180172141E-03
    8.1240  -8.991441834E-03
    8.1360  -1.175218712E-02
    8.1480  -1.444732105E-02
    8.1600  -1.706109439E-02
    8.1720  -1.957796189E-02
    8.1840  -2.198351274E-02
    8.1960  -2.426532180E-02
    8.2080  -2.641358944E-02
    8.2200  -2.842146945E-02
    8.2320  -3.028503153E-02
    8.2440  -3.200285916E-02
    8.2560  -3.357533960E-02
    8.2680  -3.500375097E-02
    8.2800  -3.628928510E-02
    8.2920  -3.743215762E-02
    8.3040  -3.843094476E-02
    8.3160  -3.928225152E-02
    8.3280  -3.998076317E-02
    8.3400  -4.051967108E-02
    8.3520  -4.089140392E-02
    8.3640  -4.108854735E-02
    8.3760  -4.110480579E-02
    8.3880  -4.093585504E-02
    8.4000  -4.057995308E-02
    8.4120  -4.003821482E-02
    8.4240  -3.931450828E-02
    8.4360  -3.841498727E-02
    8.4480  -3.734733195E-02
    8.4600  -3.611981545E-02
    8.4720  -3.474034511E-02
    8.4840  -3.321563409E-02
    8.4960  -3.155064100E-02
    8.5080  -2.974837425E-02
    8.5200  -2.781009989E-02
    8.5320  -2.573592687E-02
    8.5440  -2.352568210E-02
    8.5560  -2.117994003E-02
    8.5680  -1.870104650E-02
    8.5800  -1.609397783E-02
    8.5920  -1.336690328E-02
    8.6040  -1.053136566E-02
    8.6160  -7.602053234E-03
    8.6280  -4.596197946E-03
    8.6400  -1.532691291E-03
    8.6520   1.568948263E-03
    8.6640   4.689600637E-03
    8.6760   7.811409923E-03
    8.6880   1.091836629E-02
    8.7000   1.399652734E-02
    8.7120   1.703386122E-02
    8.7240   2.001975484E-02
    8.7360   2.294428251E-02
    8.7480   2.579736631E-02
    8.7600   2.856797174E-02
    8.7720   3.124347095E-02
    8.7840   3.380927518E-02
    8.7960   3.624879453E-02
    8.8080   3.854373571E-02
    8.8200   4.067470358E-02
    8.8320   4.262203439E-02
    8.8440   4.436676188E-02
    8.8560   4.589160416E-02
    8.8680   4.718185994E-02
    8.8800   4.822611723E-02
    8.8920   4.901670310E-02
    8.9040   4.954983469E-02
    8.9160   4.982546659E-02
    8.9280   4.984686321E-02
    8.9400   4.961995361E-02
    8.9520   4.915254857E-02
    8.9640   4.845351203E-02
    8.9760   4.753198171E-02
    8.9880   4.639672593E-02
    9.0000   4.505570816E-02
    9.0120   4.351590788E-02
    9.0240   4.178341911E-02
    9.0360   3.986381617E-02
    9.0480   3.776274282E-02
    9.0600   3.548664794E-02
    9.0720   3.304356388E-02
    9.0840   3.044380848E-02
    9.0960   2.770049287E-02
    9.1080   2.482973711E-02
    9.1200   2.185053245E-02
    9.1320   1.878423830E-02
    9.1440   1.565375643E-02
    9.1560   1.248247634E-02
    9.1680   9.293124920E-03
    9.1800   6.106673623E-03
    9.1920   2.941452940E-03
    9.2040  -1.874023197E-04
    9.2160  -3.268098260E-03
    9.2280  -6.291896327E-03
    9.2400  -9.252438450E-03
    9.2520  -1.214478475E-02
    9.2640  -1.496431391E-02
    9.2760  -1.770566278E-02
    9.2880  -2.036187920E-02
    9.3000  -2.292392898E-02
    9.3120  -2.538064018E-02
    9.3240  -2.771909499E-02
    9.3360  -2.992540528E-02
    9.3480  -3.198574463E-02
    9.3600  -3.388746841E-02
    9.3720  -3.562014104E-02
    9.3840  -3.717630718E-02
    9.3960  -3.855188522E-02
    9.4080  -3.974612075E-02
    9.4200  -4.076110334E-02
    9.4320  -4.160091616E-02
    9.4440  -4.227054512E-02
    9.4560  -4.277471441E-02
    9.4680  -4.311683097E-02
    9.4800  -4.329820596E-02
    9.4920  -4.331767912E-02
    9.5040  -4.317170730E-02
    9.5160  -4.285490371E-02
    9.5280  -4.236094092E-02
    9.5400  -4.168367240E-02
    9.5520  -4.081829324E-02
    9.5640  -3.976235691E-02
    9.5760  -3.851649066E-02
    9.5880  -3.708469999E-02
    9.6000  -3.547421614E-02
    9.6120  -3.369490948E-02
    9.6240  -3.175835862E-02
    9.6360  -2.967672159E-02
    9.6480  -2.746159064E-02
    9.6600  -2.512302009E-02
    9.6720  -2.266889216E-02
    9.6840  -2.010473317E-02
    9.6960  -1.743401971E-02
    9.7080  -1.465893291E-02
    9.7200  -1.178144410E-02
    9.7320  -8.804558781E-03
    9.7440  -5.733520540E-03
    9.7560  -2.576785021E-03
    9.7680   6.533866199E-04
    9.7800   3.940804687E-03
    9.7920   7.265717330E-03
    9.8040   1.060561392E-02
    9.8160   1.393635013E-02
    9.8280   1.723343384E-02
    9.8400   2.047328962E-02
    9.8520   2.363432779E-02
    9.8640   2.669767835E-02
    9.8760   2.964750611E-02
    9.8880   3.247088951E-02
    9.9000   3.515731182E-02
    9.9120   3.769786979E-02
    9.9240   4.008434131E-02
    9.9360   4.230826629E-02
    9.9480   4.436018169E-02
    9.9600   4.622912001E-02
    9.9720   4.790243696E-02
    9.9840   4.936598893E-02
    9.9960   5.060463840E-02
   10.0080   5.160302995E-02
   10.0200   5.234655096E-02
   10.0320   5.282237246E-02
   10.0440   5.302045664E-02
   10.0560   5.293442145E-02
   10.0680   5.256216656E-02
   10.0800   5.190618997E-02
   10.0920   5.097355542E-02
   10.1040   4.977550673E-02
   10.1160   4.832676283E-02
   10.1280   4.664456276E-02
   10.1400   4.474756090E-02
   10.1520   4.265469248E-02
   10.1640   4.038413736E-02
   10.1760   3.795250177E-02
   10.1880   3.537431651E-02
   10.2000   3.266191586E-02
   10.2120   2.982571716E-02
   10.2240   2.687486901E-02
   10.2360   2.381818049E-02
   10.2480   2.066519397E-02
   10.2600   1.742722944E-02
   10.2720   1.411822099E-02
   10.2840   1.075518829E-02
   10.2960   7.358237656E-03
   10.3080   3.950058921E-03
   10.3200   5.549652138E-04
   10.3320  -2.802400908E-03
   10.3440  -6.098512411E-03
   10.3560  -9.312341673E-03
   10.3680  -1.242647665E-02
   10.3800  -1.542780172E-02
   10.3920  -1.830763992E-02
   10.4040  -2.106133234E-02
   10.4160  -2.368731378E-02
   10.4280  -2.618582208E-02
   10.4400  -2.855743864E-02
   10.4520  -3.080168967E-02
   10.4640  -3.291593087E-02
   10.4760  -3.489469332E-02
   10.4880  -3.672959289E-02
   10.5000  -3.840981261E-02
   10.5120  -3.992307401E-02
   10.5240  -4.125693354E-02
   10.5360  -4.240018919E-02
   10.5480  -4.334416797E-02
   10.5600  -4.408368893E-02
   10.5720  -4.461755142E-02
   10.5840  -4.494847326E-02
   10.5960  -4.508248607E-02
   10.6080  -4.502787701E-02
   10.6200  -4.479383669E-02
   10.6320  -4.438902256E-02
   10.6440  -4.382026553E-02
   10.6560  -4.309162840E-02
   10.6680  -4.220397109E-02
   10.6800  -4.115509751E-02
   10.6920  -3.994046532E-02
   10.7040  -3.855434830E-02
   10.7160  -3.699126674E-02
   10.7280  -3.524745800E-02
   10.7400  -3.332215488E-02
   10.7520  -3.121847402E-02
   10.7640  -2.894377932E-02
   10.7760  -2.650946753E-02
   10.7880  -2.393021032E-02
   10.8000  -2.122277135E-02
   10.8120  -1.840458468E-02
   10.8240  -1.549232169E-02
   10.8360  -1.250067779E-02
   10.8480  -9.441575881E-03
   10.8600  -6.323916863E-03
   10.8720  -3.153918974E-03
   10.8840   6.400806026E-05
   10.8960   3.325996858E-03
   10.9080   6.627271697E-03
   10.9200   9.960748700E-03
   10.9320   1.331590813E-02
   10.9440   1.667810971E-02
   10.9560   2.002844876E-02
   10.9680   2.334416918E-02
   10.9800   2.659957162E-02
   10.9920   2.976728894E-02
   11.0040   3.281975526E-02
   11.0160   3.573067500E-02
   11.0280   3.847630776E-02
   11.0400   4.103642050E-02
   11.0520   4.339481250E-02
   11.0640   4.553938085E-02
   11.0760   4.746175640E-02
   11.0880   4.915659332E-02
   11.1000   5.062063531E-02
   11.1120   5.185170111E-02
   11.1240   5.284773152E-02
   11.1360   5.360602084E-02
   11.1480   5.412272424E-02
   11.1600   5.439269535E-02
   11.1720   5.440967152E-02
   11.1840   5.416678855E-02
   11.1960   5.365737318E-02
   11.2080   5.287593071E-02
   11.2200   5.181921889E-02
   11.2320   5.048728142E-02
   11.2440   4.888431042E-02
   11.2560   4.701921818E-02
   11.2680   4.490582545E-02
   11.2800   4.256261317E-02
   11.2920   4.001203456E-02
   11.3040   3.727943858E-02
   11.3160   3.439170959E-02
   11.3280   3.137577230E-02
   11.3400   2.825713737E-02
   11.3520   2.505866728E-02
   11.3640   2.179972063E-02
   11.3760   1.849579139E-02
   11.3880   1.515869968E-02
   11.4000   1.179731796E-02
   11.4120   8.418736090E-03
   11.4240   5.029692359E-03
   11.4360   1.638041545E-03
   11.4480  -1.745987721E-03
   11.4600  -5.108967400E-03
   11.4720  -8.434028815E-03
   11.4840  -1.170126169E-02
   11.4960  -1.488870293E-02
   11.5080  -1.797376654E-02
   11.5200  -2.093489284E-02
   11.5320  -2.375316005E-02
   11.5440  -2.641360977E-02
   11.5560  -2.890608539E-02
   11.5680  -3.122545750E-02
   11.5800  -3.337119933E-02
   11.5920  -3.534636883E-02
   11.6040  -3.715614257E-02
   11.6160  -3.880612004E-02
   11.6280  -4.030066006E-02
   11.6400  -4.164151209E-02
   11.6520  -4.282695976E-02
   11.6640  -4.385161036E-02
   11.6760  -4.470685758E-02
   11.6880  -4.538193436E-02
   11.7000  -4.586537731E-02
   11.7120  -4.614666048E-02
   11.7240  -4.621773524E-02
   11.7360  -4.607423612E-02
   11.7480  -4.571617070E-02
   11.7600  -4.514799224E-02
   11.7720  -4.437804325E-02
   11.7840  -4.341744983E-02
   11.7960  -4.227863072E-02
   11.8080  -4.097365115E-02
   11.8200  -3.951268532E-02
   11.8320  -3.790284188E-02
   11.8440  -3.614755390E-02
   11.8560  -3.424664504E-02
   11.8680  -3.219707405E-02
   11.8800  -2.999424625E-02
   11.8920  -2.763368535E-02
   11.9040  -2.511279885E-02
   11.9160  -2.243245899E-02
   11.9280  -1.959815617E-02
   11.9400  -1.662055359E-02
   11.9520  -1.351536300E-02
   11.9640  -1.030256024E-02
   11.9760  -7.005055715E-03
   11.9880  -3.647018405E-03
