0.45	0.0001366012877
0.4490980065619528	0.00013680323159448072
0.44819601305288265	0.0001370712836394944
0.4472940196533692	0.0001374002551611819
0.44639202654399257	0.00013778495748568425
0.4454900339053326	0.00013822020193914237
0.44458804191796913	0.00013870079984769725
0.4436860507624821	0.00013922156253748982
0.4427840606194514	0.00013977730133466103
0.441882071669457	0.00014036282756535185
0.44098008409307854	0.00014097295255570324
0.44007809807089626	0.00014160248763185612
0.4391761137834899	0.0001422462441199515
0.4382741314114393	0.0001428990333461303
0.4373721511353245	0.00014355566663653345
0.43647017313572517	0.00014421095531730197
0.43556819759322146	0.0001448597107145768
0.4346662246883932	0.00014549674415449888
0.4337642546018202	0.00014611686696320916
0.43286228751408246	0.00014671489046684858
0.43196032360575987	0.00014728562599155816
0.4310583630574321	0.0001478238848634788
0.4301564060496794	0.00014832447840875147
0.4292544527630814	0.0001487822179535171
0.4283525033782182	0.0001491919148239167
0.4274505580756696	0.0001495483803460912
0.42654861703601543	0.00014984642584618156
0.4256466804398357	0.00015008086265032872
0.4247447484677103	0.00015024650208467365
0.42384282130021905	0.00015033815547535725
0.4229408991179419	0.00015035063414852058
0.42203898210145874	0.00015027874943030457
0.4211370704313495	0.0001501173126468501
0.42023516428819396	0.00014986113512429816
0.41996459355000004	0.00014976503171666667
0.41933326385023273	0.0001495056307765237
0.4184313692715553	0.00014905243440126715
0.4175294806920035	0.0001485068507839549
0.4166275982512346	0.0001478742321440329
0.4157257220889063	0.00014715993070094744
0.4148238523446762	0.00014636929867414453
0.41392198915820183	0.00014550768828307045
0.41302013266914067	0.00014458045174717117
0.4121182830171503	0.0001435929412858929
0.4112164403418885	0.0001425505091186818
0.41031460478301246	0.00014145850746498395
0.4094127764801799	0.00014032228854424548
0.4085109555730484	0.00013914720457591258
0.4076091422012754	0.00013793860777943132
0.4067073365045186	0.00013670185037424788
0.40580553862243557	0.00013544228457980836
0.4049037486946837	0.0001341652626155589
0.4040019668609207	0.00013287613670094565
0.40310019326080404	0.0001315802590554147
0.4021984280339912	0.00013028298189841223
0.4012966713201399	0.00012898965744938436
0.4003949232589077	0.00012770563792777724
0.399493183989952	0.00012643627555303694
0.39859145365293036	0.0001251869225446096
0.3976897323875005	0.00012396293112194143
0.39678802033331984	0.00012276965350447853
0.39588631763004595	0.00012161244191166697
0.3949846244173364	0.00012049664856295294
0.39408294083484874	0.00011942762567778257
0.39318126702224054	0.00011841072547560198
0.3922796031191693	0.00011745130017585729
0.39137794926529273	0.00011655470199799467
0.39047630560026814	0.00011572628316146022
0.38993532435	0.00011526418446666667
0.38957467226318915	0.00011497129331142569
0.38867304937121994	0.00011429099451814648
0.3877714370130379	0.00011368146885102194
0.38686983527541613	0.00011313845219127531
0.3859682442451285	0.00011265768042012999
0.3850666640089481	0.00011223488941880931
0.3841650946536487	0.00011186581506853651
0.3832635362660037	0.00011154619325053499
0.38236198893278645	0.00011127175984602804
0.38146045274077034	0.00011103825073623897
0.380558927776729	0.00011084140180239114
0.379657414127436	0.00011067694892570786
0.3787559118796645	0.00011054062798741245
0.37785442112018813	0.0001104281748687282
0.3769529419357804	0.00011033532545087845
0.3760514744132145	0.00011025781561508656
0.37515001863926434	0.00011019138124257583
0.37424857470070294	0.00011013175821456955
0.3733471426843041	0.0001100746824122911
0.3724457226768409	0.0001100158897169637
0.3715443147650871	0.00010995111600981078
0.37064291903581614	0.00010987609717205567
0.36974153557580147	0.00010978656908492161
0.36884016447181645	0.00010967826762963196
0.36793880581063454	0.00010954692868741003
0.3670374596790293	0.00010938828813947916
0.3661361261637742	0.00010919808186706267
0.36523480535164254	0.00010897204575138387
0.3643334973294079	0.00010870591567366607
0.3634322021838438	0.00010839542751513264
0.3625309200017235	0.00010803631715700687
0.3616296508698207	0.00010762432048051208
0.36072839487490865	0.0001071551733668716
0.3599172757833333	0.00010668055304666669
0.3598271521037493	0.00010662461287877376
0.3589259226277112	0.00010602994388299841
0.35802470647242274	0.00010537312976292855
0.3571235036550564	0.00010465699518995239
0.35622231419278405	0.00010388436483545792
0.35532113810277804	0.00010305806337083331
0.35441997540221043	0.00010218091546746667
0.35351882610825347	0.00010125574579674608
0.3526176902380793	0.00010028537903005964
0.3517165678088601	9.92726398387955e-5
0.35081545883776805	9.822035289434172e-5
0.3499143633419753	9.713134286808642e-5
0.349013281338654	9.600843443141771e-5
0.3481122128449763	9.485445225572369e-5
0.34721115787811435	9.367222101239248e-5
0.34631011645524035	9.246456537281211e-5
0.3454090885935264	9.123431000837075e-5
0.34450807431014485	8.998427959045655e-5
0.34360707362226767	8.871729879045753e-5
0.3427060865470671	8.743619227976184e-5
0.3418051131017153	8.614378472975755e-5
0.3409041533033845	8.484290081183281e-5
0.3400032071692467	8.353636519737568e-5
0.3391022747164742	8.222700255777432e-5
0.33820135596223916	8.091763756441677e-5
0.3373004509237137	7.961109488869119e-5
0.33639955961807	7.831019920198565e-5
0.33549868206248024	7.701777517568826e-5
0.3345978182741165	7.573664748118714e-5
0.33369696827015116	7.446964078987038e-5
0.3327961320677561	7.321957977312607e-5
0.33189530968410375	7.19892891023424e-5
0.330994501136366	7.078159344890735e-5
0.33009370644171526	6.95993174842091e-5
0.3299135491666667	6.936616122500001e-5
0.32919292561118274	6.844487314413536e-5
0.32829215861041533	6.73176219912666e-5
0.3273914053847183	6.621555840183836e-5
0.3264906658793012	6.513667030309392e-5
0.32558994003937314	6.407894562227655e-5
0.3246892278101437	6.30403722866296e-5
0.3237885291368223	6.201893822339642e-5
0.3228878439646182	6.10126313598203e-5
0.32198717223874107	6.001943962314458e-5
0.3210865139044	5.90373509406125e-5
0.3201858689068045	5.806435323946745e-5
0.31928523719116386	5.709843444695274e-5
0.3183846187026877	5.6137582490311656e-5
0.3174840133865852	5.517978529678756e-5
0.31658342118806587	5.422303079362368e-5
0.315682842052339	5.326530690806342e-5
0.3147822759246141	5.230460156735007e-5
0.3138817227501005	5.133890269872695e-5
0.3129811824740076	5.0366198229437346e-5
0.3120806550415448	4.938447608672461e-5
0.3111801403979214	4.839172419783204e-5
0.31027963848834694	4.738593049000296e-5
0.3093791492580308	4.636508289048068e-5
0.3084786726521822	4.5327169326508525e-5
0.3075782086160108	4.427017772532979e-5
0.3066777570947258	4.3192096014187814e-5
0.3057773180335366	4.20909121203259e-5
0.3048768913776526	4.096461397098738e-5
0.30397647707228337	3.981118949341557e-5
0.303076075062638	3.862862661485375e-5
0.30217568529392613	3.741491326254528e-5
0.3012753077113571	3.616803736373345e-5
0.30037494226014017	3.488598684566159e-5
0.29992476406666674	3.423114233166667e-5
0.29947458888419787	3.356681597524046e-5
0.29857424749785516	3.2210104831732736e-5
0.2976739179858386	3.0816959306752875e-5
0.2967736002315883	2.9388551631582854e-5
0.29587329411854424	2.7926054037504594e-5
0.29497299953014616	2.6430638755800073e-5
0.2940727163498343	2.490347801775123e-5
0.29317244446104845	2.3345744054640038e-5
0.2922721837472288	2.1758609097748442e-5
0.291371934091815	2.014324537835839e-5
0.29047169537824724	1.8500825127751843e-5
0.2895714674899655	1.683252057721076e-5
0.28867125031040963	1.5139503958017077e-5
0.28777104372301976	1.342294750145277e-5
0.28687084761123566	1.1684023438799777e-5
0.2859706618584974	9.923904001340063e-6
0.285070486348245	8.143761420355579e-6
0.2841703209639184	6.344767927128226e-6
0.2832701655889575	4.528095752940111e-6
0.28237002010680234	2.6949171290730414e-6
0.2814698844008929	8.464042868090161e-7
0.280569758354669	-1.0162705425700142e-6
0.2796696418515708	-2.8919351277821386e-6
0.27876953477503824	-4.779417237545246e-6
0.27786943700851124	-6.677544640577549e-6
0.27696934843542975	-8.585145105597028e-6
0.2760692689392337	-1.0501046401321736e-5
0.2751691984033632	-1.2424076296469778e-5
0.27426913671125813	-1.435306255975903e-5
0.2733690837463585	-1.62868329599077e-5
0.2724690393921042	-1.8224215265633783e-5
0.27156900353193525	-2.0164037245655316e-5
0.27066897604929163	-2.2105126668690415e-5
0.2699489600166667	-2.365812302666667e-5
0.2697689568275569	-2.404631188140669e-5
0.26886894573814446	-2.5986543755803616e-5
0.26796894262576104	-2.7925046534078597e-5
0.26706894733149983	-2.9861081447208225e-5
0.26616895969645393	-3.1793909726169245e-5
0.26526897956171663	-3.37227926019382e-5
0.26436900676838104	-3.564699130549175e-5
0.2634690411575402	-3.756576706780668e-5
0.2625690825702874	-3.947838111985962e-5
0.2616691308477157	-4.138409469262727e-5
0.26076918583091835	-4.328216901708621e-5
0.2598692473609885	-4.517186532421314e-5
0.25896931527901923	-4.7052444844984704e-5
0.2580693894261037	-4.8923168810377636e-5
0.257169469643335	-5.078329845136864e-5
0.2562695557718065	-5.263209499893428e-5
0.2553696476526112	-5.4468819684051246e-5
0.2544697451268423	-5.629273373769617e-5
0.253569848035593	-5.810309839084583e-5
0.2526699562199564	-5.98991748744769e-5
0.25177006952102565	-6.168022441956593e-5
0.2508701877798939	-6.344550825708964e-5
0.24997031083765434	-6.519428761802465e-5
0.24907043853540012	-6.692582373334774e-5
0.2481705707142243	-6.863937783403557e-5
0.24727070721522018	-7.033421115106471e-5
0.2463708478794809	-7.200958491541186e-5
0.24547099254809956	-7.366476035805373e-5
0.24457114106216937	-7.529899870996691e-5
0.24367129326278336	-7.691156120212821e-5
0.24277144899103476	-7.850170906551413e-5
0.24187160808801678	-8.006870353110147e-5
0.2409717703948226	-8.161180582986684e-5
0.24007193575254526	-8.313027719278686e-5
0.23998195245000004	-8.3280741185e-5
0.23917210400058833	-8.462358838359166e-5
0.2382722749692167	-8.609234348239857e-5
0.2373724484856198	-8.753752798216962e-5
0.23647262437698444	-8.896012766329167e-5
0.2355728024704977	-9.036112830615156e-5
0.23467298259334649	-9.174151569113629e-5
0.2337731645727178	-9.310227559863268e-5
0.2328733482357986	-9.44443938090276e-5
0.23197353340977603	-9.576885610270797e-5
0.23107371992183684	-9.707664826006065e-5
0.23017390759916811	-9.836875606147253e-5
0.2292740962689568	-9.96461652873305e-5
0.22837428575838992	-0.00010090986171802143
0.22747447589465447	-0.00010216083113393224
0.22657466650493738	-0.00010340005931544979
0.22567485741642565	-0.00010462853204296097
0.2247750484563062	-0.0001058472350968527
0.22387523945176613	-0.00010705715425751177
0.22297543022999233	-0.00010825927530532512
0.22207562061817182	-0.00010945458402067973
0.22117581044349147	-0.00011064406618396233
0.2202759995331384	-0.00011182870757555991
0.21937618771429956	-0.00011300949397585926
0.21847637481416188	-0.00011418741116524733
0.21757656065991238	-0.00011536344492411105
0.21667674507873802	-0.00011653858103283721
0.21577692789782574	-0.0001177138052718128
0.21487710894436265	-0.00011889010342142456
0.21397728804553556	-0.00012006846126205945
0.2130774650285316	-0.00012124986457410445
0.21217763972053766	-0.00012243529913794632
0.2112778119487407	-0.00012362575073397204
0.21037798154032777	-0.00012482220514256834
0.21001804860000003	-0.00012530268850833334
0.20947814832298214	-0.0001260255335648492
0.20857831213181377	-0.00012723489275650847
0.20767847280764956	-0.0001284481196897611
0.20677863019146348	-0.000129663017387408
0.20587878412422958	-0.00013087738887224956
0.20497893444692186	-0.00013208903716708666
0.20407908100051433	-0.00013329576529471992
0.20317922362598095	-0.00013449537627794993
0.20227936216429568	-0.00013568567313957766
0.2013794964564326	-0.00013686445890240351
0.2004796263433657	-0.00013802953658922825
0.19957975166606892	-0.00013917870922285262
0.19867987226551642	-0.00014030977982607722
0.19777998798268193	-0.0001414205514217029
0.19688009865853964	-0.00014250882703253017
0.1959802041340635	-0.00014357240968135981
0.19508030425022752	-0.0001446091023909925
0.19418039884800573	-0.00014561670818422878
0.19328048776837203	-0.00014659303008386965
0.1923805708523005	-0.0001475358711127155
0.1914806479407651	-0.00014844303429356717
0.1905807188747399	-0.00014931232264922534
0.18968078349519885	-0.00015014153920249053
0.18878084164311587	-0.00015092848697616367
0.18788089315946507	-0.00015167096899304532
0.18698093788522047	-0.0001523667882759362
0.18608097566135592	-0.00015301374784763692
0.18518100632884563	-0.00015360965073094818
0.18428102972866334	-0.00015415229994867087
0.18338104570178326	-0.0001546394985236054
0.1824810540891793	-0.0001550690494785526
0.18158105473182548	-0.00015543875583631317
0.18068104747069585	-0.0001557464206196877
0.18005103760000002	-0.00015592369475000002
0.17978103214695912	-0.0001559898662326886
0.17888100861685896	-0.00015616841461084914
0.17798097676219146	-0.00015628392949971513
0.177080936467228	-0.00015633852085800208
0.17618088761624004	-0.0001563342986444257
0.17528083009349882	-0.0001562733728177015
0.17438076378327577	-0.00015615785333654506
0.1734806885698422	-0.00015598985015967195
0.17258060433746952	-0.0001557714732457978
0.17168051097042908	-0.0001555048325536381
0.17078040835299219	-0.0001551920380419085
0.16988029636943028	-0.00015483519966932456
0.1689801749040147	-0.00015443642739460187
0.16808004384101677	-0.00015399783117645601
0.1671799030647079	-0.00015352152097360258
0.16627975245935944	-0.00015300960674475712
0.16537959190924273	-0.00015246419844863526
0.16447942129862914	-0.0001518874060439525
0.16357924051179	-0.0001512813394894245
0.16267904943299674	-0.00015064810874376678
0.16177884794652067	-0.00014998982376569498
0.16087863593663315	-0.00014930859451392465
0.15997841328760556	-0.00014860653094717137
0.1590781798837093	-0.0001478857430241507
0.15817793560921561	-0.00014714834070357825
0.157277680348396	-0.0001463964339441696
0.15637741398552174	-0.00014563213270464033
0.15547713640486427	-0.00014485754694370604
0.15457684749069478	-0.00014407478662008223
0.1536765471272848	-0.00014328596169248457
0.15277623519890568	-0.00014249318211962862
0.1518759115898287	-0.0001416985578602299
0.15097557618432522	-0.00014090419887300407
0.1500752288666667	-0.00014011221511666668
0.14917486953107215	-0.00013932426345761767
0.14827449811155186	-0.00013854018839299439
0.14737411455206378	-0.00013775938132761867
0.1464737187965659	-0.00013698123366631223
0.1455733107890161	-0.00013620513681389683
0.1446728904733725	-0.00013543048217519416
0.14377245779359293	-0.00013465666115502602
0.14287201269363545	-0.00013388306515821422
0.14197155511745801	-0.00013310908558958042
0.14107108500901858	-0.0001323341138539464
0.14017060231227513	-0.00013155754135613397
0.1392701069711856	-0.00013077875950096477
0.13836959892970802	-0.00012999715969326065
0.13746907813180034	-0.0001292121333378433
0.13656854452142053	-0.00012842307183953452
0.13566799804252655	-0.00012762936660315604
0.1347674386390764	-0.00012683040903352963
0.13386686625502803	-0.000126025590535477
0.13296628083433937	-0.00012521430251381994
0.1320656823209685	-0.0001243959363733802
0.1311650706588733	-0.0001235698835189795
0.13026444579201174	-0.00012273553535543962
0.1293638076643419	-0.00012189228328758235
0.12846315621982163	-0.00012103951872022932
0.12756249140240897	-0.00012017663305820241
0.12666181315606184	-0.00011930301770632331
0.12576112142473828	-0.0001184180640694138
0.12486041615239618	-0.00011752116355229561
0.12395969728299358	-0.0001166117075597905
0.12305896476048837	-0.00011568908749672017
0.12215821852883871	-0.00011475269476790654
0.12125745853200233	-0.00011380192077817115
0.12035668471393737	-0.00011283615693233589
0.12008644986500001	-0.00011254341377166669
0.11945589702283345	-0.00011185487563909069
0.11855509545056682	-0.00011085838555988757
0.1176542800147867	-0.00010984748870043744
0.1167534507334751	-0.00010882299344284868
0.1158526076246142	-0.00010778570816922985
0.11495175070618623	-0.00010673644126168953
0.11405087999617324	-0.00010567600110233618
0.11314999551255758	-0.00010460519607327855
0.11224909727332126	-0.0001035248345566249
0.11134818529644647	-0.00010243572493448395
0.11044725959991536	-0.00010133867558896415
0.1095463202017101	-0.00010023449490217403
0.10864536711981294	-9.912399125622228e-5
0.10774440037220595	-9.800797303321729e-5
0.1068434199768713	-9.688724861526758e-5
0.10594242595179117	-9.576262638448177e-5
0.10504141831494766	-9.463491472296831e-5
0.10414039708432311	-9.350492201283592e-5
0.10323936227789951	-9.237345663619295e-5
0.10233831391365909	-9.1241326975148e-5
0.10143725200958398	-9.010934141180959e-5
0.10053617658365632	-8.897830832828623e-5
0.09963508765385841	-8.784903610668663e-5
0.09873398523817228	-8.672233312911913e-5
0.0978328693545801	-8.559900777769234e-5
0.0969317400210641	-8.44798684345148e-5
0.09603059725560634	-8.336572348169499e-5
0.09512944107618913	-8.225738130134162e-5
0.09422827150079448	-8.1155650275563e-5
0.09332708854740472	-8.006133878646789e-5
0.09242589223400186	-7.897525521616466e-5
0.09152468257856805	-7.789820794676184e-5
0.09062345959908566	-7.683100536036814e-5
0.09008271942333335	-7.619574554333335e-5
0.08972222331427013	-7.577445214381105e-5
0.08882097377135421	-7.47292093298768e-5
0.08791971105461466	-7.369575133966993e-5
0.08701843525080405	-7.267454012272242e-5
0.08611714644667513	-7.166603762856642e-5
0.08521584472898035	-7.06707058067337e-5
0.08431453018447248	-6.968900660675643e-5
0.083413202899904	-6.872140197816646e-5
0.08251186296202749	-6.776835387049575e-5
0.08161051045759572	-6.683032423327644e-5
0.08070914547336114	-6.590777501604032e-5
0.07980776809607651	-6.500116816831954e-5
0.07890637841249429	-6.411096563964594e-5
0.0780049765093671	-6.323762937955153e-5
0.07710356247344766	-6.238162133756839e-5
0.07620213639148844	-6.154340346322831e-5
0.07530069835024222	-6.072343770606351e-5
0.07439924843646144	-5.9922186015605785e-5
0.07349778673689875	-5.9140110341387116e-5
0.07259631333830685	-5.8377672632939636e-5
0.07169482832743819	-5.763533483979513e-5
0.07079333179104559	-5.6913558911485766e-5
0.0698918238158814	-5.6212806797543334e-5
0.06899030448869845	-5.553354044749996e-5
0.06808877389624929	-5.4876221810887624e-5
0.06718723212528639	-5.424131283723816e-5
0.06628567926256257	-5.3629275476083714e-5
0.06538411539483024	-5.3040571676956134e-5
0.06448254060884213	-5.247566338938748e-5
0.0635809549913509	-5.193501256290975e-5
0.06267935862910895	-5.1419081147054805e-5
0.06177775160886913	-5.092833109135477e-5
0.06087613401738381	-5.046322434534149e-5
0.06006466921833334	-5.006693510500001e-5
0.059974505941414756	-5.0024222655948286e-5
0.059072867479630545	-4.961151892153119e-5
0.05817121876607961	-4.922450719346843e-5
0.057269559941352056	-4.886243382862992e-5
0.05636789114603748	-4.8524545183885367e-5
0.05546621252072591	-4.8210087616104666e-5
0.05456452420600716	-4.791830748215761e-5
0.05366282634247094	-4.764845113891398e-5
0.0527611190707073	-4.7399764943243653e-5
0.05185940253130588	-4.717149525201637e-5
0.05095767686485667	-4.696288842210201e-5
0.05005594221194953	-4.677319081037038e-5
0.049154198713174134	-4.660164877369125e-5
0.04825244650912055	-4.6447508668934486e-5
0.047350685740378394	-4.6310016852969875e-5
0.04644891654753769	-4.618841968266723e-5
0.04554713907118827	-4.60819635148964e-5
0.044645353451919834	-4.598989470652716e-5
0.04374355983032242	-4.591145961442935e-5
0.04284175834698568	-4.584590459547275e-5
0.041939949142499586	-4.579247600652723e-5
0.04103813235745395	-4.575042020446256e-5
0.04013630813243865	-4.571898354614859e-5
0.03923447660804353	-4.5697412388455103e-5
0.038332637924858304	-4.568495308825193e-5
0.03743079222347298	-4.568085200240889e-5
0.03652893964447733	-4.568435548779579e-5
0.035627080328461215	-4.5694709901282446e-5
0.034725214416014526	-4.571116159973867e-5
0.03382334204772695	-4.573295694003429e-5
0.03292146336418849	-4.575934227903911e-5
0.03201957850598894	-4.578956397362295e-5
0.031117687613718147	-4.582286838065563e-5
0.030215790827966008	-4.585850185700695e-5
0.030035410775969665	-4.5865841720000004e-5
0.02931388829203724	-4.589576209729988e-5
0.028411980169302634	-4.5934326214239104e-5
0.02751006663212633	-4.597404137683659e-5
0.026608147852914925	-4.6014755556256723e-5
0.025706224004075066	-4.6056316723663844e-5
0.024804295258013205	-4.6098572850222293e-5
0.023902361787136103	-4.614137190709645e-5
0.0230004237638503	-4.6184561865450674e-5
0.022098481360562413	-4.6227990696449305e-5
0.021196534749679075	-4.627150637125671e-5
0.020294584103606742	-4.6314956861037254e-5
0.01939262959475218	-4.6358190136955286e-5
0.01849067139552192	-4.640105417017515e-5
0.017588709678322573	-4.644339693186123e-5
0.016686744615560793	-4.648506639317787e-5
0.01578477637964303	-4.652591052528943e-5
0.014882805142976034	-4.6565777299360266e-5
0.013980831077966355	-4.6604514686554724e-5
0.0130788543570206	-4.6641970658037186e-5
0.012176875152545362	-4.6677993184972e-5
0.01127489363694725	-4.6712430238523515e-5
0.010372909982632862	-4.6745129789856096e-5
0.009470924362008805	-4.67759398101341e-5
0.008568936947481674	-4.680470827052188e-5
0.007666947911458069	-4.68312831421838e-5
0.0067649574263446005	-4.685551239628421e-5
0.005862965664547857	-4.687724400398747e-5
0.0049609727984744525	-4.689632593645796e-5
0.004058979000530984	-4.691260616486e-5
0.0031569844431240525	-4.692593266035796e-5
0.0022549892986602578	-4.693615339411622e-5
0.0013529937395462032	-4.69431163372991e-5
0.00045099793818849203	-4.6946669461071e-5
5.453259371845931e-13	-4.6947119831666674e-5
-0.0004509979330495908	-4.6946667071304486e-5
-0.0013529937027995072	-4.69431091721621e-5
-0.002254989200688007	-4.693614146609625e-5
-0.003156984256384885	-4.692591599026759e-5
-0.004058978699559939	-4.691258478183678e-5
-0.004960972359883229	-4.689629987796449e-5
-0.005862965067024284	-4.6877213315811364e-5
-0.006764956650653171	-4.685547713253809e-5
-0.007666946940439682	-4.6831243365305324e-5
-0.008568935766053611	-4.680466405127371e-5
-0.009470922957165026	-4.677589122760392e-5
-0.010372908343443447	-4.6745076931456635e-5
-0.011274891754558947	-4.671237319999249e-5
-0.012176873020181318	-4.667793207037218e-5
-0.013078851969980352	-4.6641905579756334e-5
-0.013980828433626115	-4.6604445765305625e-5
-0.01488280224078814	-4.656570466418073e-5
-0.01578477322113648	-4.652583431354229e-5
-0.016686741204340938	-4.648498675055098e-5
-0.017588706020071305	-4.644331401236747e-5
-0.018490667497997652	-4.6400968136152405e-5
-0.01939262546778949	-4.635810115906646e-5
-0.020294579759116905	-4.631486511827029e-5
-0.021196530201649678	-4.627141205092457e-5
-0.022098476625057605	-4.6227893994189945e-5
-0.023000418859010757	-4.618446298522708e-5
-0.02390235673317865	-4.614127106119665e-5
-0.02480429007723136	-4.609847025925932e-5
-0.025706218720838676	-4.6056212616575734e-5
-0.02660814249367039	-4.601465017030657e-5
-0.027510061225396575	-4.597393495761248e-5
-0.028411974745686748	-4.593421901565413e-5
-0.029313882884210985	-4.5895654381592174e-5
-0.030035405405697005	-4.586573378500001e-5
-0.03021578547067619	-4.585839389470803e-5
-0.031117682342670473	-4.582276044387748e-5
-0.0320195733553647	-4.578945632108083e-5
-0.032921458366309234	-4.5759235154024996e-5
-0.03382333723305424	-4.573285057041691e-5
-0.0347252098131502	-4.571105619796349e-5
-0.03562707596414739	-4.5694605664371656e-5
-0.036528935543595834	-4.568425259734833e-5
-0.037430788409045915	-4.5680750624600436e-5
-0.03833263441804791	-4.5684853373834886e-5
-0.039234473428151964	-4.569731447275862e-5
-0.040136305296908675	-4.571888754907854e-5
-0.041038129881867974	-4.575032623050158e-5
-0.04193994704058023	-4.579238414473465e-5
-0.04284175663059563	-4.5845814919484675e-5
-0.04374355850946462	-4.591137218245858e-5
-0.04464535253473747	-4.598980956136329e-5
-0.045547138563964265	-4.6081880683905734e-5
-0.04644891645469534	-4.61883391777928e-5
-0.04735068606448096	-4.6309938670731434e-5
-0.048252447250871286	-4.644743279042853e-5
-0.04915419987141694	-4.660157516459109e-5
-0.05005594378366783	-4.677311942092595e-5
-0.05095767884517433	-4.6962819187140047e-5
-0.05185940491348661	-4.7171428090940287e-5
-0.05276112184615513	-4.7399699760033634e-5
-0.053662829500730196	-4.764838782212705e-5
-0.05456452773476181	-4.791824590492736e-5
-0.05546621640580038	-4.8210027636141525e-5
-0.05636789537139613	-4.8524486643476464e-5
-0.05726956448909927	-4.8862376554639054e-5
-0.05817122361646035	-4.922445099733635e-5
-0.05907287261102934	-4.961146359927515e-5
-0.059974511330356584	-5.002416798816241e-5
-0.060064674631666676	-5.006688049000001e-5
-0.06087613963884736	-5.046317010022105e-5
-0.061777757437984825	-5.092827704105516e-5
-0.06267936464173035	-5.1419027073197156e-5
-0.06358096116405448	-5.1934958256584686e-5
-0.06448254691892798	-5.2475608651155546e-5
-0.06538412182032165	-5.304051631684753e-5
-0.06628568578220606	-5.362921931359829e-5
-0.06718723871855228	-5.424125570134583e-5
-0.06808878054333073	-5.4876163540027706e-5
-0.06899031117051226	-5.5533480889581735e-5
-0.06989183051406743	-5.621274580994557e-5
-0.07079333848796723	-5.6913496361057164e-5
-0.07169483500618241	-5.76352706028543e-5
-0.07259631998268344	-5.837760659527454e-5
-0.07349779333144119	-5.9140042398255736e-5
-0.07439925496642637	-5.992211607173566e-5
-0.07530070480160961	-6.072336567565196e-5
-0.07620214275096197	-6.154332926994271e-5
-0.07710356872845385	-6.238154491454537e-5
-0.0780049826480561	-6.323755066939778e-5
-0.07890638442373933	-6.411088459443764e-5
-0.07980777396947447	-6.500108474960288e-5
-0.08070915119923228	-6.590768919483128e-5
-0.08161051602698326	-6.683023599006039e-5
-0.08251186836669827	-6.776826319522808e-5
-0.08341320813234798	-6.872130887027209e-5
-0.08431453523790308	-6.96889110751301e-5
-0.08521584959733461	-7.067060786974019e-5
-0.08611715112461295	-7.166593731403979e-5
-0.08701843973370894	-7.267443746796678e-5
-0.08791971533859323	-7.369564639145878e-5
-0.08882097785323684	-7.472910214445394e-5
-0.0897222271916102	-7.577434278688964e-5
-0.09008272321833335	-7.619563533833335e-5
-0.09062346327015604	-7.683089390665256e-5
-0.0915246860423035	-7.789809447278912e-5
-0.09242589548995413	-7.897513979479302e-5
-0.09332709159574187	-8.006122148673537e-5
-0.09422827434230062	-8.115553116268728e-5
-0.09512944371226437	-8.22572604367199e-5
-0.09603059968826703	-8.336560092290434e-5
-0.0969317422529424	-8.447974423531159e-5
-0.09783287138892478	-8.559888198801317e-5
-0.09873398707884774	-8.672220579507982e-5
-0.09963508930534534	-8.784890727058276e-5
-0.10053617805105151	-8.897817802859314e-5
-0.10143725329860019	-9.010920968318211e-5
-0.10233831503062533	-9.124119384842073e-5
-0.10323936322976082	-9.237332213838016e-5
-0.10414039787864064	-9.350478616713152e-5
-0.10504141895989869	-9.463477754874592e-5
-0.10594242645616882	-9.576248789729437e-5
-0.10684342035008525	-9.688710882684837e-5
-0.10774440062428166	-9.800783195147863e-5
-0.10864536726139201	-9.912384888525646e-5
-0.1095463202440503	-0.00010023435124225298
-0.11044725955489042	-0.00010133853063653922
-0.11134818517654631	-0.00010243557868218642
-0.11224909709165194	-0.00010352468699326563
-0.11314999528284121	-0.00010460504718384802
-0.11405087973274804	-0.00010567585086800464
-0.11495175042400632	-0.00010673628965980657
-0.11585260733925022	-0.00010778555517332527
-0.11675345046111342	-0.00010882283902263149
-0.11765427977222995	-0.00010984733282179646
-0.11855509525523368	-0.00011085822818489131
-0.11945589689275862	-0.0001118547167259872
-0.12008644979166669	-0.000112543253755
-0.12035668466776364	-0.00011283599643560082
-0.12125745858834756	-0.00011380175865220618
-0.12215821870522324	-0.00011475253097330882
-0.12305896507323143	-0.00011568892200088975
-0.12395969774721272	-0.00011661154033692992
-0.12486041678200817	-0.00011752099458341068
-0.1257611222324581	-0.00011841789334231274
-0.12666181415340338	-0.00011930284521561725
-0.12756249259968472	-0.00012017645880530524
-0.12846315762614277	-0.00012103934271335776
-0.12936380928761826	-0.00012189210554175581
-0.13026444763895195	-0.00012273535589248048
-0.13116507273498446	-0.00012356970236751275
-0.13206568463055662	-0.00012439575356883368
-0.13296628338050892	-0.00012521411809842423
-0.13386686903968245	-0.0001260254045582657
-0.13476744166291751	-0.00012683022155033887
-0.13566800130505502	-0.0001276291776766248
-0.13656854802093563	-0.00012842288153910457
-0.1374690818654001	-0.00012921194173975926
-0.13836960289328906	-0.00012999696688056984
-0.13927011115944327	-0.00013077856556351736
-0.14017060671870343	-0.00013155734639058288
-0.14107108962591025	-0.0001323339179637474
-0.14197155993590438	-0.00013310888888499198
-0.14287201770352667	-0.0001338828677562977
-0.14377246298361768	-0.0001346564631796455
-0.14467289583101822	-0.00013543028375701647
-0.14557331630056888	-0.0001362049380903916
-0.1464737244471105	-0.000136981034781752
-0.1473741203254837	-0.0001377591824330787
-0.1482745039905292	-0.00013853998964635266
-0.14917487549708774	-0.00013932406502355498
-0.15007523490000002	-0.00014011201716666668
-0.15097558226439103	-0.00014090400158240355
-0.15187591769652292	-0.00014169836139642052
-0.1527762413129423	-0.0001424929866391072
-0.15367655323019555	-0.00014328576734085331
-0.1545768535648292	-0.00014407459353204855
-0.15547714243338973	-0.0001448573552430825
-0.15637741995242363	-0.00014563194250434488
-0.15727768623847743	-0.00014639624534622538
-0.15817794140809757	-0.00014714815379911358
-0.15907818557783054	-0.0001478855578933992
-0.15997841886422293	-0.00014860634765947195
-0.16087864138382102	-0.00014930841312772147
-0.1617788532531715	-0.0001499896443285374
-0.16267905458882082	-0.00015064793129230942
-0.16357924550731537	-0.00015128116404942716
-0.16447942612520175	-0.0001518872326302804
-0.16537959655902637	-0.00015246402706525872
-0.16627975692533578	-0.0001530094373847518
-0.1671799073406764	-0.00015352135361914929
-0.16808004792159484	-0.00015399766579884093
-0.16898017878463747	-0.00015443626395421632
-0.16988030004635085	-0.00015483503811566514
-0.17078041182328146	-0.0001551918783135771
-0.17168051423197575	-0.0001555046745783418
-0.17258060738898023	-0.00015577131694034893
-0.1734806914108414	-0.0001559896954299882
-0.17438076641410577	-0.00015615770007764923
-0.17528083251531978	-0.00015627322091372168
-0.17618088983102997	-0.0001563341479685953
-0.1770809384777828	-0.0001563383712726597
-0.17798097857212475	-0.0001562837808563045
-0.17888101023060232	-0.00015616826674991942
-0.17978103356976205	-0.00015598971898389416
-0.1800510389666667	-0.00015592354765
-0.1806810487085719	-0.00015574627380304413
-0.1815810557909998	-0.00015543860927516337
-0.18248105497576186	-0.00015506890300721646
-0.18338104642176498	-0.00015463935198747832
-0.18428103028791593	-0.00015415215320422387
-0.1851810067331216	-0.0001536095036457281
-0.18608097591628883	-0.000153013600300266
-0.18698093799632456	-0.0001523666401561126
-0.1878808931321354	-0.00015167082020154274
-0.18878084148262844	-0.00015092833742483145
-0.18968078320671036	-0.0001501413888142537
-0.19058071846328814	-0.00014931217135808448
-0.19148064741126847	-0.00014844288204459867
-0.1923805702095583	-0.00014753571786207134
-0.19328048701706443	-0.0001465928757987774
-0.19418039799269374	-0.00014561655284299181
-0.19508030329535303	-0.0001446089459829896
-0.1959802030839492	-0.00014357225220704568
-0.19688009751738905	-0.00014250866850343497
-0.19777998675457942	-0.00014142039186043254
-0.19867987095442716	-0.00014030961926631333
-0.19957975027583924	-0.00013917854770935213
-0.2004796248777222	-0.00013802937417782437
-0.20137949491898313	-0.00013686429566000456
-0.20227936055852883	-0.00013568550914416782
-0.20317922195526616	-0.0001344952116185891
-0.20407907926810204	-0.00013329560007154328
-0.20497893265594297	-0.0001320888714913057
-0.20587878227769615	-0.00013087722286615094
-0.2067786282922683	-0.00012966285118435407
-0.20767847085856625	-0.00012844795343419006
-0.20857831013549696	-0.00012723472660393378
-0.20947814628196704	-0.00012602536768186059
-0.21001804653333336	-0.0001253025228716667
-0.2103779794570319	-0.00012482203970657217
-0.21127780982551667	-0.0001236255859231393
-0.21217763755974148	-0.00012243513511815433
-0.21307746283252751	-0.00012124970149806362
-0.2139772858166958	-0.00012006829926931414
-0.21487710668506765	-0.000118889942638352
-0.21577692561046416	-0.00011771364581162383
-0.21667674276570645	-0.00011653842299557616
-0.21757655832361572	-0.00011536328839665538
-0.2184763724570129	-0.00011418725622130848
-0.21937618533871941	-0.00011300934067598153
-0.22027599714155627	-0.00011182855596712115
-0.2211758080383447	-0.00011064391630117394
-0.2220756182019058	-0.00010945443588458621
-0.22297542780506055	-0.00010825912892380499
-0.2238752370206303	-0.00010705700962527631
-0.22477504602143622	-0.00010584709219544685
-0.22567485498029932	-0.00010462839084076318
-0.22657466407004095	-0.00010339991976767163
-0.22747447346348185	-0.00010216069318261917
-0.22837428333344356	-0.00010090972529205191
-0.22927409385274708	-9.964603030241647e-5
-0.2301739051942136	-9.836862242015946e-5
-0.2310737175306643	-9.707651585172716e-5
-0.23197353103492002	-9.576872480356662e-5
-0.23287334587980227	-9.444426348212386e-5
-0.23377316223813205	-9.31021460938456e-5
-0.2346729802827305	-9.174138684517833e-5
-0.23557280018641896	-9.036099994256841e-5
-0.2364726221220181	-8.895999959246289e-5
-0.23737244626234955	-8.753740000130775e-5
-0.23827227278023422	-8.609221537554974e-5
-0.2391721018484933	-8.462345992163533e-5
-0.23998195033333336	-8.328061219666668e-5
-0.24007193363994583	-8.313014813344167e-5
-0.24097176832435668	-8.161167592547671e-5
-0.24187160606241898	-8.006857255176848e-5
-0.2427714470131478	-7.85015768033762e-5
-0.24367129133555815	-7.69114274713588e-5
-0.2445711391886654	-7.529886334677518e-5
-0.24547099073148443	-7.366462322068486e-5
-0.24637084612303062	-7.20094458841463e-5
-0.2472707055223191	-7.033407012821866e-5
-0.24817056908836505	-6.863923474396096e-5
-0.24907043698018386	-6.692567852243203e-5
-0.24997030935679007	-6.519414025469145e-5
-0.25087018637719943	-6.344535873179758e-5
-0.2517700682004269	-6.168007274480967e-5
-0.2526699549854877	-5.989902108478674e-5
-0.25356984689139705	-5.810294254278754e-5
-0.2544697440771698	-5.6292575909871715e-5
-0.2553696467018215	-5.446865997709766e-5
-0.25626955492436715	-5.263193353552455e-5
-0.25716946890382203	-5.0783135376211195e-5
-0.25806938879920116	-4.892300429021703e-5
-0.2589693147695197	-4.705227906860106e-5
-0.2598692469737929	-4.517169850242184e-5
-0.26076918557103596	-4.3282001382738606e-5
-0.2616691307202641	-4.1383926500610126e-5
-0.26256908258049233	-3.9478212647095845e-5
-0.26346904131073573	-3.7565598613254774e-5
-0.26436900707000976	-3.564682319014548e-5
-0.26526898001732946	-3.372262516882717e-5
-0.26616896031171	-3.179374334035862e-5
-0.2670689481121665	-2.9860916495799302e-5
-0.2679689435777141	-2.7924883426208217e-5
-0.2688689468673681	-2.598638292264389e-5
-0.26976895814014357	-2.4046153776165578e-5
-0.2699489613666667	-2.3657965523333337e-5
-0.2706689775513635	-2.2104971761900522e-5
-0.2715690052290612	-2.0163885990357855e-5
-0.2724690412890393	-1.822406808177309e-5
-0.2733690858470429	-1.628669023425736e-5
-0.2742691390188167	-1.4352924645922486e-5
-0.27516920092010594	-1.2423943514879845e-5
-0.2760692716666549	-1.050091903924147e-5
-0.2769693513742089	-8.585023417118964e-6
-0.2778694401585127	-6.67742884662345e-6
-0.2787695381353113	-4.77930752586677e-6
-0.2796696454203496	-2.8918316529602817e-6
-0.2805697621293723	-1.0161734260160177e-6
-0.28146988837812426	8.464949568544213e-7
-0.28237002428235053	2.6950012975398907e-6
-0.283270169957796	4.528173397928576e-6
-0.28417032552020566	6.344839059909092e-6
-0.28507049108532406	8.143826085369421e-6
-0.2859706667688962	9.923962276197982e-6
-0.2868708526866672	1.1684075434283591e-5
-0.28777104895438166	1.3422993361514457e-5
-0.28867125568778484	1.5139543859779186e-5
-0.2895714730026212	1.683255473096577e-5
-0.2904717010146358	1.8500853776962634e-5
-0.29137193983957355	2.0143268799658574e-5
-0.2922721895931794	2.1758627600941808e-5
-0.29317245039119816	2.3345757982700922e-5
-0.2940727223493748	2.4903487746823946e-5
-0.2949730055834539	2.64306446951993e-5
-0.29587330020918073	2.792605662971576e-5
-0.2967736063423	2.938855135226154e-5
-0.29767392409855675	3.0816956664725226e-5
-0.2985742535936956	3.221010036899487e-5
-0.29947459494346146	3.3566810266958906e-5
-0.2999247701	3.423113622666667e-5
-0.3003749482623548	3.488598049873425e-5
-0.3012753136362455	3.616803098368562e-5
-0.30217569112237447	3.741490742042636e-5
-0.30307608077673703	3.862862184579755e-5
-0.303976482655329	3.9811186296640565e-5
-0.3048768968141463	4.096461280979709e-5
-0.30577732330918445	4.2090913422108315e-5
-0.30667776219643933	4.3192100170415774e-5
-0.3075782135319065	4.427018509156059e-5
-0.3084786773715817	4.532718022238412e-5
-0.3093791537714607	4.6365097599728e-5
-0.31027964278753933	4.738594926043361e-5
-0.3111801444758132	4.8391747241342084e-5
-0.3120806588922779	4.9384503579294895e-5
-0.3129811860929292	5.036623031113333e-5
-0.31388172613376303	5.133893947369898e-5
-0.314782279070775	5.230464310383323e-5
-0.3156828449599607	5.326535323837722e-5
-0.31658342385731597	5.422308191417244e-5
-0.31748401581883645	5.517984116806015e-5
-0.31838462090051795	5.6137643036881956e-5
-0.3192852391583563	5.709849955747923e-5
-0.3201858706483469	5.806442276669313e-5
-0.3210865154264857	5.903742470136515e-5
-0.3219871735487684	6.001951739833653e-5
-0.32288784507119056	6.1012712894448895e-5
-0.3237885300497482	6.20190232265436e-5
-0.3246892285404368	6.30404604314618e-5
-0.3255899405992521	6.4079036546045e-5
-0.3264906662821898	6.513676360713444e-5
-0.3273914056452457	6.621565365157174e-5
-0.3282921587444156	6.731771871619828e-5
-0.329192925635695	6.844497083785517e-5
-0.3299135491166667	6.936625930500001e-5
-0.33009370637498153	6.95994156044826e-5
-0.3309945009973085	7.078169143693121e-5
-0.33189530949116064	7.198938642570708e-5
-0.33279613183872403	7.321967593162861e-5
-0.33369696802218446	7.446973531551396e-5
-0.3345978180237282	7.573673993818173e-5
-0.3354986818255409	7.70178651604502e-5
-0.3363995594098088	7.831028634313808e-5
-0.33730045075871806	7.961117884706386e-5
-0.3382013558544545	8.091771803304563e-5
-0.339102274679204	8.222707926190201e-5
-0.3400032072151528	8.353643789445128e-5
-0.3409041534444869	8.484296929151215e-5
-0.3418051133493923	8.61438488139031e-5
-0.3427060869120549	8.743625182244229e-5
-0.34360707411466074	8.871735367794821e-5
-0.3445080749393958	8.998432974123923e-5
-0.3454090893684462	9.123435537313405e-5
-0.34631011738399803	9.246460593445115e-5
-0.34721115896823707	9.367225678600862e-5
-0.3481122141033496	9.485448328862509e-5
-0.34901328277152116	9.600846080311883e-5
-0.34991436495493816	9.713136469030854e-5
-0.35081546063578684	9.822037031101273e-5
-0.3517165697962526	9.927265302604948e-5
-0.35261769241852176	0.00010028538819623742
-0.35351882848478033	0.00010125575118239486
-0.35441997797721436	0.00010218091734534045
-0.35532114087801	0.00010305806204589264
-0.3562223171693528	0.00010388436064486965
-0.35712350683342914	0.00010465698850309
-0.3580247098524248	0.00010537312098137209
-0.3589259262085261	0.00010602993344053449
-0.35982715588391895	0.00010662460124139566
-0.3599172795833334	0.00010668054131666669
-0.3607283988523358	0.00010715516102433356
-0.36162965504178796	0.00010762430790065096
-0.3625309243648984	0.0001080363047703689
-0.3634322067342793	0.00010839541571496206
-0.36433350206254234	0.0001087059048159049
-0.36523481026229926	0.00010897203615467193
-0.36613613124616184	0.00010919807381273774
-0.3670374649267419	0.00010938828187157681
-0.3679388112166514	0.0001095469244126638
-0.3688401700285019	0.00010967826551747316
-0.36974154127490516	0.00010978656926747944
-0.37064292486847317	0.00010987609974415718
-0.37154432072181764	0.000109951121028981
-0.3724457287475505	0.00011001589720342536
-0.3733471488582834	0.00011007469234896484
-0.37424858096662816	0.00011013177054707396
-0.3751500249851966	0.00011019139587922728
-0.3760514808266003	0.00011025783242689933
-0.37695294840345156	0.00011033534427156471
-0.37785442762836186	0.00011042819549469788
-0.3787559184139429	0.00011054065017777343
-0.37965742067280667	0.0001106769724022659
-0.38055893431756477	0.00011084142624964981
-0.3814604592608294	0.00011103827580139976
-0.3823619954152118	0.00011127178513899021
-0.38326354269332413	0.00011154621834389574
-0.38416510100777823	0.00011186583949759094
-0.3850666702711855	0.00011223491268155026
-0.38596825039615834	0.00011265770197724836
-0.3868698412953081	0.0001131384714661597
-0.38777144288124665	0.00011368148522975885
-0.3886730550665859	0.00011429100734952035
-0.3895746777639374	0.00011497130190691862
-0.3899353297666667	0.00011526419116666668
-0.39047631088408385	0.00011572628679942184
-0.39137795431043176	0.00011655469998602689
-0.3922796079053148	0.00011745129189883918
-0.39318127153052407	0.00011841071039692487
-0.3940829450478509	0.00011942760333935007
-0.39498462831908665	0.00012049661858518139
-0.39588632120602246	0.00012161240399348465
-0.3967880235704499	0.0001227696074233262
-0.39768973527415996	0.0001239628767337723
-0.398591456178944	0.00012518685978388897
-0.39949318614659346	0.0001264362044327429
-0.40039492503889945	0.00012770555853939988
-0.40129667271765346	0.00012898956996292623
-0.40219842904464653	0.00013028288656238818
-0.40310019388167	0.0001315801561968518
-0.4040019670905155	0.00013287602672538382
-0.40490374853297384	0.00013416514600704993
-0.4058055380708366	0.00013544216190091655
-0.4067073355658949	0.00013670172226604987
-0.40760914087994005	0.000137938474961516
-0.40851095387476366	0.00013914706784638154
-0.4094127744121566	0.00014032214877971233
-0.4103146023539103	0.00014145836562057468
-0.4112164375618161	0.00014255036622803482
-0.4121182798976651	0.0001435927984611589
-0.413020129223249	0.0001445803101790135
-0.4139219854003586	0.00014550754924066436
-0.41482384829078567	0.00014636916350517796
-0.41572571775632106	0.00014715980083162048
-0.41662759365875623	0.000147874109079058
-0.41752947585988265	0.00014850673610655705
-0.4184313642214913	0.00014905232977318356
-0.4193332586053736	0.00014950553793800387
-0.4199645881833334	0.00014976494820833334
-0.4202351588731278	0.00014986105589336214
-0.4211370648714111	0.00015011724886188795
-0.42203897642155547	0.00015027870285277888
-0.4229408933424391	0.00015035060645354154
-0.42384281545294056	0.0001503381482516826
-0.42474474257193834	0.00015024651683470886
-0.4256466745183109	0.00015008090079012692
-0.4265486111109367	0.0001498464887054436
-0.4274505521686942	0.00014954846916816542
-0.42835249751046206	0.00014919203076579925
-0.4292544469551185	0.00014878236208585167
-0.4301564003215422	0.0001483246517158294
-0.4310583574286115	0.00014782408824323917
-0.43196031809520496	0.00014728586025558767
-0.43286228214020106	0.00014671515634038154
-0.43376424938247815	0.00014611716508512756
-0.4346662196409149	0.00014549707507733236
-0.43556819273438974	0.0001448600749045027
-0.436470168481781	0.00014421135315414522
-0.43737214670196733	0.00014355609841376662
-0.43827412721382725	0.0001428994992708736
-0.439176109836239	0.00014224674431297292
-0.44007809438808115	0.00014160302212757114
-0.4409800806882324	0.00014097352130217509
-0.4418820685555709	0.00014036343042429138
-0.4427840578089754	0.0001397779380814268
-0.44368604826732416	0.00013922223286108796
-0.4445880397494958	0.0001387015033507816
-0.4454900320743688	0.00013822093813801436
-0.44639202506082154	0.000137785725810293
-0.4472940185277325	0.00013740105495512416
-0.4481960122939803	0.0001370721141600146
-0.4490980061784433	0.00013680409201247097
-0.45	0.0001366021771
