0.45	0.007523367159
0.4490980065619528	0.007520507084901395
0.44819601305288265	0.007517692657183755
0.4472940196533692	0.007514908497714339
0.44639202654399257	0.007512139228360411
0.4454900339053326	0.00750936947098923
0.44458804191796913	0.007506583847468059
0.4436860507624821	0.007503766979664159
0.4427840606194514	0.00750090348944479
0.441882071669457	0.007497977998677216
0.44098008409307854	0.007494975129228696
0.44007809807089626	0.007491879502966491
0.4391761137834899	0.0074886757417578645
0.4382741314114393	0.007485348467470076
0.4373721511353245	0.007481882301970387
0.43647017313572517	0.007478261867126058
0.43556819759322146	0.007474471784804353
0.4346662246883932	0.007470496676872532
0.4337642546018202	0.007466321165197856
0.43286228751408246	0.0074619298716475865
0.43196032360575987	0.007457307418088985
0.4310583630574321	0.007452438426389311
0.4301564060496794	0.007447307518415828
0.4292544527630814	0.007441899316035796
0.4283525033782182	0.007436198441116477
0.4274505580756696	0.007430189515525133
0.42654861703601543	0.007423857161129024
0.4256466804398357	0.007417185999795411
0.4247447484677103	0.007410160653391558
0.42384282130021905	0.007402765743784723
0.4229408991179419	0.007394985892842169
0.42203898210145874	0.007386805722431158
0.4211370704313495	0.007378209854418949
0.42023516428819396	0.007369182910672805
0.41996459355000004	0.007366388468750001
0.41933326385023273	0.007359710578708196
0.4184313692715553	0.0073497895473826165
0.4175294806920035	0.00733942299575505
0.4166275982512346	0.0073286141867693185
0.4157257220889063	0.0073173663833692535
0.4148238523446762	0.007305682848498683
0.41392198915820183	0.007293566845101432
0.41302013266914067	0.007281021636121328
0.4121182830171503	0.0072680504845022
0.4112164403418885	0.007254656653187878
0.41031460478301246	0.007240843405122182
0.4094127764801799	0.0072266140032489455
0.4085109555730484	0.007211971710511996
0.4076091422012754	0.007196919789855154
0.4067073365045186	0.007181461504222254
0.40580553862243557	0.007165600116557123
0.4049037486946837	0.007149338889803586
0.4040019668609207	0.007132681086905471
0.40310019326080404	0.007115629970806604
0.4021984280339912	0.007098188804450815
0.4012966713201399	0.007080360850781931
0.4003949232589077	0.007062149372743779
0.399493183989952	0.007043557633280184
0.39859145365293036	0.007024588895334979
0.3976897323875005	0.007005246421851985
0.39678802033331984	0.006985533475775035
0.39588631763004595	0.006965453320047952
0.3949846244173364	0.0069450092176145655
0.39408294083484874	0.006924204431418702
0.39318126702224054	0.006903042224404191
0.3922796031191693	0.006881525859514858
0.39137794926529273	0.00685965859969453
0.39047630560026814	0.006837443707887036
0.38993532435	0.006823949266833333
0.38957467226318915	0.006814884451656003
0.38867304937121994	0.006791984278159736
0.3877714370130379	0.006768746867856387
0.38686983527541613	0.006745175916795924
0.3859682442451285	0.006721275121028323
0.3850666640089481	0.0066970481766035535
0.3841650946536487	0.006672498779571588
0.3832635362660037	0.006647630625982395
0.38236198893278645	0.00662244741188595
0.38146045274077034	0.0065969528333322215
0.380558927776729	0.006571150586371182
0.379657414127436	0.006545044367052802
0.3787559118796645	0.006518637871427056
0.37785442112018813	0.0064919347955439115
0.3769529419357804	0.006464938835453343
0.3760514744132145	0.0064376536872053185
0.37515001863926434	0.0064100830468498135
0.37424857470070294	0.006382230610436798
0.3733471426843041	0.006354100074016243
0.3724457226768409	0.006325695133638119
0.3715443147650871	0.006297019485352399
0.37064291903581614	0.006268076825209055
0.36974153557580147	0.006238870849258057
0.36884016447181645	0.006209405253549375
0.36793880581063454	0.0061796837341329845
0.3670374596790293	0.006149709987058853
0.3661361261637742	0.006119487708376957
0.36523480535164254	0.006089020594137261
0.3643334973294079	0.006058312340389742
0.3634322021838438	0.00602736664318437
0.3625309200017235	0.0059961871985711145
0.3616296508698207	0.0059647777025999505
0.36072839487490865	0.005933141851320847
0.3599172757833333	0.005904479106166667
0.3598271521037493	0.005901283340226209
0.3589259226277112	0.005869205124919843
0.35802470647242274	0.005836907962527192
0.3571235036550564	0.005804392203708908
0.35622231419278405	0.0057716581991256325
0.35532113810277804	0.005738706299438013
0.35441997540221043	0.005705536855306698
0.35351882610825347	0.005672150217392331
0.3526176902380793	0.005638546736355559
0.3517165678088601	0.005604726762857031
0.35081545883776805	0.00557069064755739
0.3499143633419753	0.005536438741117284
0.349013281338654	0.005501971394197359
0.3481122128449763	0.005467288957458261
0.34721115787811435	0.005432391781560637
0.34631011645524035	0.005397280217165131
0.3454090885935264	0.005361954614932392
0.34450807431014485	0.005326415325523065
0.34360707362226767	0.005290662699597798
0.3427060865470671	0.005254697087817235
0.3418051131017153	0.005218518840842023
0.3409041533033845	0.00518212830933281
0.3400032071692467	0.005145525843950239
0.3391022747164742	0.005108711795354959
0.33820135596223916	0.0050716865142076155
0.3373004509237137	0.005034450351168856
0.33639955961807	0.004997003656899325
0.33549868206248024	0.004959346782059669
0.3345978182741165	0.0049214800773105345
0.33369696827015116	0.0048834038933125695
0.3327961320677561	0.004845118580726417
0.33189530968410375	0.004806624490212727
0.330994501136366	0.004767921972432143
0.33009370644171526	0.004729011378045312
0.3299135491666667	0.004721204320833334
0.32919292561118274	0.0046898933276814225
0.32829215861041533	0.0046505704372059135
0.3273914053847183	0.004611046216755019
0.3264906658793012	0.004571324180683233
0.32558994003937314	0.004531407843345042
0.3246892278101437	0.004491300719094941
0.3237885291368223	0.004451006322287424
0.3228878439646182	0.00441052816727698
0.32198717223874107	0.0043698697684181045
0.3210865139044	0.004329034640065284
0.3201858689068045	0.004288026296573013
0.31928523719116386	0.004246848252295784
0.3183846187026877	0.0042055040215880895
0.3174840133865852	0.004163997118804422
0.31658342118806587	0.004122331058299268
0.315682842052339	0.004080509354427125
0.3147822759246141	0.004038535521542485
0.3138817227501005	0.0039964130739998365
0.3129811824740076	0.003954145526153674
0.3120806550415448	0.0039117363923584884
0.3111801403979214	0.0038691891869687715
0.31027963848834694	0.003826507424339015
0.3093791492580308	0.0037836946188237125
0.3084786726521822	0.0037407542847773543
0.3075782086160108	0.0036976899365544335
0.3066777570947258	0.0036545050885094404
0.3057773180335366	0.0036112032549968677
0.3048768913776526	0.0035677879503712086
0.30397647707228337	0.003524262688986954
0.303076075062638	0.003480630985198595
0.30217568529392613	0.0034368963533606242
0.3012753077113571	0.0033930623078275344
0.30037494226014017	0.0033491323629538158
0.29992476406666674	0.0033271325265
0.29947458888419787	0.0033051100032925767
0.29857424749785516	0.003260998027965084
0.2976739179858386	0.0032167985506607634
0.2967736002315883	0.003172513655267655
0.29587329411854424	0.003128145425673799
0.29497299953014616	0.0030836959457672362
0.2940727163498343	0.0030391672994360087
0.29317244446104845	0.0029945615705681563
0.2922721837472288	0.002949880843051722
0.291371934091815	0.0029051272007747423
0.29047169537824724	0.0028603027276252616
0.2895714674899655	0.00281540950749132
0.28867125031040963	0.0027704496242609584
0.28777104372301976	0.002725425161822217
0.28687084761123566	0.0026803382040631366
0.2859706618584974	0.0026351908348717593
0.285070486348245	0.002589985138136125
0.2841703209639184	0.002544723197744273
0.2832701655889575	0.002499407097584248
0.28237002010680234	0.002454038921544088
0.2814698844008929	0.002408620753511834
0.280569758354669	0.0023631546773755273
0.2796696418515708	0.002317642777023208
0.27876953477503824	0.0022720871363429195
0.27786943700851124	0.0022264898392226995
0.27696934843542975	0.0021808529695505905
0.2760692689392337	0.0021351786112146333
0.2751691984033632	0.0020894688481028667
0.27426913671125813	0.0020437257641033367
0.2733690837463585	0.001997951443104078
0.2724690393921042	0.0019521479689931355
0.27156900353193525	0.0019063174256585482
0.27066897604929163	0.0018604618969883563
0.2699489600166667	0.0018237608849833336
0.2697689568275569	0.0018145834661562942
0.26886894573814446	0.0017686840649026776
0.26796894262576104	0.0017227652870998621
0.26706894733149983	0.0016768286809044615
0.26616895969645393	0.0016308757944730847
0.26526897956171663	0.0015849081759623455
0.26436900676838104	0.0015389273735288555
0.2634690411575402	0.0014929349353292219
0.2625690825702874	0.001446932409520058
0.2616691308477157	0.0014009213442579729
0.26076918583091835	0.001354903287699581
0.2598692473609885	0.0013088797880014909
0.25896931527901923	0.0012628523933203158
0.2580693894261037	0.0012168226518126635
0.257169469643335	0.0011707921116351457
0.2562695557718065	0.0011247623209443757
0.2553696476526112	0.0010787348278969628
0.2544697451268423	0.0010327111806495196
0.253569848035593	0.0009866929273586549
0.2526699562199564	0.0009406816161809797
0.25177006952102565	0.0008946787952731066
0.2508701877798939	0.0008486860127916463
0.24997031083765434	0.0008027048168932107
0.24907043853540012	0.0007567367557344085
0.2481705707142243	0.0007107833774718504
0.24727070721522018	0.0006648462302621502
0.2463708478794809	0.0006189268622619176
0.24547099254809956	0.0005730268216277636
0.24457114106216937	0.0005271476565163006
0.24367129326278336	0.00048129091508413525
0.24277144899103476	0.00043545814548788303
0.24187160808801678	0.00038965089588415333
0.2409717703948226	0.0003438707144295574
0.24007193575254526	0.0002981191492807075
0.23998195245000004	0.00029354562626666665
0.23917210400058833	0.00025239792198302044
0.2382722749692167	0.0002067096919037029
0.2373724484856198	0.00016105743402991584
0.23647262437698444	0.00011544412358666639
0.2355728024704977	6.987273579896326e-5
0.23467298259334649	2.434624589180965e-5
0.2337731645727178	-2.113237090978335e-5
0.2328733482357986	-6.656013938080975e-5
0.23197353340977603	-0.00011193408429626233
0.23107371992183684	-0.00015725123043113388
0.23017390759916811	-0.00020250860256041718
0.2292740962689568	-0.0002477032254591049
0.22837428575838992	-0.0002928321239021901
0.22747447589465447	-0.00033789232266466534
0.22657466650493738	-0.00038288084652152345
0.22567485741642565	-0.000427794720247757
0.2247750484563062	-0.0004726309686183605
0.22387523945176613	-0.0005173866164083226
0.22297543022999233	-0.0005620586883926385
0.22207562061817182	-0.0006066442093463039
0.22117581044349147	-0.0006511402040443074
0.2202759995331384	-0.0006955436972616447
0.21937618771429956	-0.0007398517137733043
0.21847637481416188	-0.0007840612783542817
0.21757656065991238	-0.0008281694157795727
0.21667674507873802	-0.0008721731508241655
0.21577692789782574	-0.0009160695082630559
0.21487710894436265	-0.0009598555128712326
0.21397728804553556	-0.001003528189423691
0.2130774650285316	-0.0010470845626954267
0.21217763972053766	-0.0010905216574614285
0.2112778119487407	-0.0011338364984966915
0.21037798154032777	-0.0011770261105762047
0.21001804860000003	-0.0011942662248500002
0.20947814832298214	-0.0012200876423153304
0.20857831213181377	-0.0012630200953482
0.20767847280764956	-0.0013058238977664742
0.20677863019146348	-0.0013484995143552639
0.20587878412422958	-0.001391047409899663
0.20497893444692186	-0.0014334680491847772
0.20407908100051433	-0.00147576189699571
0.20317922362598095	-0.0015179294181175604
0.20227936216429568	-0.0015599710773354395
0.2013794964564326	-0.0016018873394344423
0.2004796263433657	-0.001643678669199674
0.19957975166606892	-0.0016853455314162367
0.19867987226551642	-0.0017268883908692322
0.19777998798268193	-0.0017683077123437688
0.19688009865853964	-0.001809603960624943
0.1959802041340635	-0.0018507776004978592
0.19508030425022752	-0.0018918290967476212
0.19418039884800573	-0.0019327589141593282
0.19328048776837203	-0.0019735675175180907
0.1923805708523005	-0.0020142553716090044
0.1914806479407651	-0.0020548229412171736
0.1905807188747399	-0.002095270691127702
0.18968078349519885	-0.0021355990861256892
0.18878084164311587	-0.0021758085909962454
0.18788089315946507	-0.002215899670524466
0.18698093788522047	-0.002255872789495457
0.18608097566135592	-0.002295728412694319
0.18518100632884563	-0.002335467004906155
0.18428102972866334	-0.0023750890309160726
0.18338104570178326	-0.0024145949555091687
0.1824810540891793	-0.002453985243470548
0.18158105473182548	-0.0024932603595853127
0.18068104747069585	-0.0025324207686385665
0.18005103760000002	-0.002559765053166667
0.17978103214695912	-0.0025714669248653875
0.17888100861685896	-0.0026103984662416238
0.17798097676219146	-0.0026492136471270625
0.177080936467228	-0.0026879105878571193
0.17618088761624004	-0.002726487408767211
0.17528083009349882	-0.002764942230192751
0.17438076378327577	-0.0028032731724691564
0.1734806885698422	-0.002841478355931842
0.17258060433746952	-0.002879555900916223
0.17168051097042908	-0.0029175039277577145
0.17078040835299219	-0.0029553205567917316
0.16988029636943028	-0.00299300390835369
0.1689801749040147	-0.003030552102779006
0.16808004384101677	-0.003067963260403094
0.1671799030647079	-0.0031052355015613693
0.16627975245935944	-0.003142366946589248
0.16537959190924273	-0.003179355715822145
0.16447942129862914	-0.003216199929595475
0.16357924051179	-0.003252897708244654
0.16267904943299674	-0.0032894471721050984
0.16177884794652067	-0.0033258464415122212
0.16087863593663315	-0.0033620936368014397
0.15997841328760556	-0.0033981868783081685
0.1590781798837093	-0.0034341242863678233
0.15817793560921561	-0.0034699039813158184
0.157277680348396	-0.0035055240834875713
0.15637741398552174	-0.003540982713218495
0.15547713640486427	-0.0035762779908440068
0.15457684749069478	-0.0036114080366995206
0.1536765471272848	-0.003646370971120452
0.15277623519890568	-0.003681164914442218
0.1518759115898287	-0.0037157879870002315
0.15097557618432522	-0.00375023830912991
0.1500752288666667	-0.003784514001166667
0.14917486953107215	-0.003818613343769108
0.14827449811155186	-0.0038525352588885914
0.14737411455206378	-0.0038862788287996647
0.1464737187965659	-0.003919843135776878
0.1455733107890161	-0.0039532272620947774
0.1446728904733725	-0.00398643029002791
0.14377245779359293	-0.004019451301850824
0.14287201269363545	-0.00405228937983807
0.14197155511745801	-0.004084943606264193
0.14107108500901858	-0.004117413063403742
0.14017060231227513	-0.004149696833531265
0.1392701069711856	-0.00418179399892131
0.13836959892970802	-0.0042137036418484234
0.13746907813180034	-0.004245424844587155
0.13656854452142053	-0.004276956689412052
0.13566799804252655	-0.004308298258597663
0.1347674386390764	-0.004339448634418534
0.13386686625502803	-0.004370406899149215
0.13296628083433937	-0.0044011721350642515
0.1320656823209685	-0.004431743424438194
0.1311650706588733	-0.004462119849545589
0.13026444579201174	-0.004492300492660986
0.1293638076643419	-0.004522284436058931
0.12846315621982163	-0.004552070762013971
0.12756249140240897	-0.004581658552800656
0.12666181315606184	-0.004611046890693534
0.12576112142473828	-0.004640234857967153
0.12486041615239618	-0.0046692215368960574
0.12395969728299358	-0.0046980060097548005
0.12305896476048837	-0.004726587358817928
0.12215821852883871	-0.004754964666359984
0.12125745853200233	-0.004783137014655521
0.12035668471393737	-0.004811103485979087
0.12008644986500001	-0.004819453144166668
0.11945589702283345	-0.00483886325306091
0.11855509545056682	-0.004866416422460888
0.1176542800147867	-0.004893763651648297
0.1167534507334751	-0.004920905605212849
0.1158526076246142	-0.004947842947744245
0.11495175070618623	-0.00497457634383219
0.11405087999617324	-0.00500110645806639
0.11314999551255758	-0.005027433955036544
0.11224909727332126	-0.00505355949933236
0.11134818529644647	-0.005079483755543541
0.11044725959991536	-0.005105207388259789
0.1095463202017101	-0.005130731062070812
0.10864536711981294	-0.005156055441566311
0.10774440037220595	-0.00518118119133599
0.1068434199768713	-0.005206108975969554
0.10594242595179117	-0.005230839460056707
0.10504141831494766	-0.005255373308187155
0.10414039708432311	-0.005279711184950597
0.10323936227789951	-0.005303853754936741
0.10233831391365909	-0.005327801682735289
0.10143725200958398	-0.005351555632935946
0.10053617658365632	-0.005375116270128418
0.09963508765385841	-0.005398484258902403
0.09873398523817228	-0.005421660263847611
0.0978328693545801	-0.005444644949553744
0.0969317400210641	-0.005467438980610506
0.09603059725560634	-0.005490043021607601
0.09512944107618913	-0.005512457737134732
0.09422827150079448	-0.005534683791781606
0.09332708854740472	-0.005556721850137922
0.09242589223400186	-0.005578572576793388
0.09152468257856805	-0.005600236636337709
0.09062345959908566	-0.005621714693360583
0.09008271942333335	-0.005634512522833334
0.08972222331427013	-0.005643007380165844
0.08882097377135421	-0.0056641140739438775
0.08791971105461466	-0.005685032521448321
0.08701843525080405	-0.00570576036046798
0.08611714644667513	-0.005726295228791656
0.08521584472898035	-0.005746634764208158
0.08431453018447248	-0.005766776604506287
0.083413202899904	-0.0057867183874748505
0.08251186296202749	-0.0058064577509026535
0.08161051045759572	-0.005825992332578495
0.08070914547336114	-0.005845319770291189
0.07980776809607651	-0.00586443770182953
0.07890637841249429	-0.005883343764982331
0.0780049765093671	-0.0059020355975383946
0.07710356247344766	-0.00592051083728652
0.07620213639148844	-0.005938767122015521
0.07530069835024222	-0.0059568020895141936
0.07439924843646144	-0.005974613377571348
0.07349778673689875	-0.005992198623975788
0.07259631333830685	-0.006009555466516316
0.07169482832743819	-0.006026681542981739
0.07079333179104559	-0.00604357449116086
0.0698918238158814	-0.0060602319488424865
0.06899030448869845	-0.006076651553815421
0.06808877389624929	-0.006092830943868467
0.06718723212528639	-0.006108767756790432
0.06628567926256257	-0.0061244596303701195
0.06538411539483024	-0.006139904202396334
0.06448254060884213	-0.006155099110657879
0.0635809549913509	-0.00617004199294356
0.06267935862910895	-0.006184730487042185
0.06177775160886913	-0.006199162230742551
0.06087613401738381	-0.006213334861833472
0.06006466921833334	-0.006225866736166668
0.059974505941414756	-0.006227246018848696
0.059072867479630545	-0.00624089432886955
0.05817121876607961	-0.006254281356312024
0.057269559941352056	-0.006267409208660051
0.05636789114603748	-0.0062802799933975775
0.05546621252072591	-0.006292895818008543
0.05456452420600716	-0.006305258789976887
0.05366282634247094	-0.006317371016786557
0.0527611190707073	-0.006329234605921489
0.05185940253130588	-0.006340851664865627
0.05095767686485667	-0.006352224301102912
0.05005594221194953	-0.006363354622117284
0.049154198713174134	-0.006374244735392688
0.04825244650912055	-0.006384896748413061
0.047350685740378394	-0.0063953127686623475
0.04644891654753769	-0.006405494903624489
0.04554713907118827	-0.006415445260783425
0.044645353451919834	-0.0064251659476231
0.04374355983032242	-0.006434659071627451
0.04284175834698568	-0.0064439267402804255
0.041939949142499586	-0.006452971061065959
0.04103813235745395	-0.006461794141467996
0.04013630813243865	-0.006470398088970479
0.03923447660804353	-0.006478785011057347
0.038332637924858304	-0.006486957015212543
0.03743079222347298	-0.006494916208920009
0.03652893964447733	-0.006502664699663683
0.035627080328461215	-0.00651020459492751
0.034725214416014526	-0.006517538002195431
0.03382334204772695	-0.006524667028951386
0.03292146336418849	-0.006531593782679318
0.03201957850598894	-0.006538320370863169
0.031117687613718147	-0.006544848900986878
0.030215790827966008	-0.006551181480534389
0.030035410775969665	-0.006552424667833334
0.02931388829203724	-0.006557320074759876
0.028411980169302634	-0.00656326559775066
0.02751006663212633	-0.006569018492457962
0.026608147852914925	-0.006574579199610664
0.025706224004075066	-0.006579948159937648
0.024804295258013205	-0.006585125814167793
0.023902361787136103	-0.0065901126030299875
0.0230004237638503	-0.006594908967253108
0.022098481360562413	-0.006599515347566039
0.021196534749679075	-0.006603932184697659
0.020294584103606742	-0.006608159919376855
0.01939262959475218	-0.006612198992332505
0.01849067139552192	-0.006616049844293492
0.017588709678322573	-0.006619712915988699
0.016686744615560793	-0.006623188648147005
0.01578477637964303	-0.006626477481497295
0.014882805142976034	-0.00662957985676845
0.013980831077966355	-0.00663249621468935
0.0130788543570206	-0.00663522699598888
0.012176875152545362	-0.00663777264139592
0.01127489363694725	-0.0066401335916393515
0.010372909982632862	-0.006642310287448058
0.009470924362008805	-0.006644303169550919
0.008568936947481674	-0.00664611267867682
0.007666947911458069	-0.0066477392555546405
0.0067649574263446005	-0.006649183340913262
0.005862965664547857	-0.006650445375481567
0.0049609727984744525	-0.006651525799988439
0.004058979000530984	-0.006652425055162759
0.0031569844431240525	-0.006653143581733406
0.0022549892986602578	-0.006653681820429266
0.0013529937395462032	-0.006654040211979218
0.00045099793818849203	-0.0066542191971121455
5.453259371845931e-13	-0.00665424155
-0.0004509979330495908	-0.006654219198193018
-0.0013529937027995072	-0.00665404021521684
-0.002254989200688007	-0.006653681825808645
-0.003156984256384885	-0.006653143589229565
-0.004058978699559939	-0.00665242506474072
-0.004960972359883229	-0.006651525811603234
-0.005862965067024284	-0.006650445389078236
-0.006764956650653171	-0.006649183356426849
-0.007666946940439682	-0.006647739272910199
-0.008568935766053611	-0.0066461126977894105
-0.009470922957165026	-0.0066443031903256075
-0.010372908343443447	-0.006642310309779917
-0.011274891754558947	-0.006640133615413465
-0.012176873020181318	-0.006637772666487375
-0.013078851969980352	-0.006635227022262773
-0.013980828433626115	-0.00663249624200078
-0.01488280224078814	-0.006629579884962529
-0.01578477322113648	-0.00662647751040914
-0.016686741204340938	-0.006623188677601738
-0.017588706020071305	-0.00661971294580145
-0.018490667497997652	-0.006616049874269399
-0.01939262546778949	-0.006612199022266713
-0.020294579759116905	-0.006608159949054515
-0.021196530201649678	-0.00660393221389393
-0.022098476625057605	-0.006599515376046087
-0.023000418859010757	-0.006594908994772105
-0.02390235673317865	-0.006590112629333114
-0.02480429007723136	-0.0065851258389902365
-0.025706218720838676	-0.006579948183004599
-0.02660814249367039	-0.006574579220637326
-0.027510061225396575	-0.006569018511149542
-0.028411974745686748	-0.006563265613802374
-0.029313882884210985	-0.006557320087856947
-0.030035405405697005	-0.006552424678333333
-0.03021578547067619	-0.0065511814903520815
-0.031117682342670473	-0.0065448489071984195
-0.0320195733553647	-0.0065383203731574045
-0.032921458366309234	-0.006531593780763102
-0.03382333723305424	-0.0065246670225495825
-0.0347252098131502	-0.006517537991050912
-0.03562707596414739	-0.006510204578801157
-0.036528935543595834	-0.006502664678334386
-0.037430788409045915	-0.0064949161821846665
-0.03833263441804791	-0.006486956982886065
-0.039234473428151964	-0.006478784972972653
-0.040136305296908675	-0.006470398044978492
-0.041038129881867974	-0.006461794091437653
-0.04193994704058023	-0.006452971004884202
-0.04284175663059563	-0.00644392667785221
-0.04374355850946462	-0.006434659002875741
-0.04464535253473747	-0.006425165872488862
-0.045547138563964265	-0.0064154451792256435
-0.04644891645469534	-0.006405494815620149
-0.04735068606448096	-0.006395312674206449
-0.048252447250871286	-0.006384896647518613
-0.04915419987141694	-0.006374244628090703
-0.05005594378366783	-0.0063633545084567904
-0.05095767884517433	-0.0063522241811509415
-0.05185940491348661	-0.006340851538707224
-0.05276112184615513	-0.006329234473659704
-0.053662829500730196	-0.0063173708785424516
-0.05456452773476181	-0.006305258645889532
-0.05546621640580038	-0.006292895668235016
-0.05636789537139613	-0.006280279838112966
-0.05726956448909927	-0.006267409048057454
-0.05817122361646035	-0.006254281190602543
-0.05907287261102934	-0.006240894158282306
-0.059974511330356584	-0.006227245843630807
-0.060064674631666676	-0.006225866560500001
-0.06087613963884736	-0.0062133346822477375
-0.061777757437984825	-0.006199162047054776
-0.06267936464173035	-0.0061847302995169315
-0.06358096116405448	-0.006170041801844156
-0.06448254691892798	-0.006155098916246396
-0.06538412182032165	-0.006139904004933604
-0.06628568578220606	-0.006124459430115728
-0.06718723871855228	-0.006108767554002712
-0.06808878054333073	-0.006092830738804516
-0.06899031117051226	-0.006076651346731083
-0.06989183051406743	-0.006060231739992364
-0.07079333848796723	-0.006043574280798307
-0.07169483500618241	-0.006026681331358861
-0.07259631998268344	-0.00600955525388398
-0.07349779333144119	-0.005992198410583611
-0.07439925496642637	-0.005974613163667704
-0.07530070480160961	-0.00595680187534621
-0.07620214275096197	-0.005938766907829073
-0.07710356872845385	-0.005920510623326248
-0.0780049826480561	-0.005902035384047684
-0.07890638442373933	-0.005883343552203332
-0.07980777396947447	-0.005864437490003135
-0.08070915119923228	-0.005845319559657047
-0.08161051602698326	-0.005825992123375019
-0.08251186836669827	-0.005806457543366998
-0.08341320813234798	-0.0057867181818429345
-0.08431453523790308	-0.0057667764010127815
-0.08521584959733461	-0.005746634563086481
-0.08611715112461295	-0.005726295030273987
-0.08701843973370894	-0.00570576016478525
-0.08791971533859323	-0.005685032328830221
-0.08882097785323684	-0.005664113884618842
-0.0897222271916102	-0.00564300719436107
-0.09008272321833335	-0.0056345123385
-0.09062346327015604	-0.005621714511301131
-0.0915246860423035	-0.005600236458233198
-0.09242589548995413	-0.005578572402827761
-0.09332709159574187	-0.0055567216804691755
-0.09422827434230062	-0.005534683626541792
-0.09512944371226437	-0.005512457576429961
-0.09603059968826703	-0.005490042865518038
-0.0969317422529424	-0.005467438829190376
-0.09783287138892478	-0.005444644802831321
-0.09873398707884774	-0.005421660121825231
-0.09963508930534534	-0.005398484121556457
-0.10053617805105151	-0.00537511613740935
-0.10143725329860019	-0.005351555504768263
-0.10233831503062533	-0.005327801559017548
-0.10323936322976082	-0.005303853635541558
-0.10414039787864064	-0.005279711069724644
-0.10504141895989869	-0.005255373196951161
-0.10594242645616882	-0.00523083935260546
-0.10684342035008525	-0.005206108872071887
-0.10774440062428166	-0.005181181090734803
-0.10864536726139201	-0.005156055343978557
-0.1095463202440503	-0.005130730967187501
-0.11044725955489042	-0.005105207295745987
-0.11134818517654631	-0.005079483665038367
-0.11224909709165194	-0.005053559410448996
-0.11314999528284121	-0.005027433867362224
-0.11405087973274804	-0.005001106371162401
-0.11495175042400632	-0.004974576257233887
-0.11585260733925022	-0.004947842860961021
-0.11675345046111342	-0.0049209055177281665
-0.11765427977222995	-0.0048937635629196724
-0.11855509525523368	-0.004866416331919891
-0.11945589689275862	-0.004838863160113173
-0.12008644979166669	-0.004819453049166668
-0.12035668466776364	-0.004811103390004574
-0.12125745858834756	-0.004783136915030396
-0.12215821870522324	-0.004754964562493648
-0.12305896507323143	-0.004726587250156612
-0.12395969774721272	-0.004698005895781576
-0.12486041678200817	-0.004669221417130813
-0.1257611222324581	-0.004640234731966612
-0.12666181415340338	-0.004611046758051256
-0.12756249259968472	-0.004581658413147024
-0.12846315762614277	-0.004552070615016201
-0.12936380928761826	-0.004522284281421068
-0.13026444763895195	-0.0044923003301239085
-0.13116507273498446	-0.004462119678887005
-0.13206568463055662	-0.00443174324547264
-0.13296628338050892	-0.004401171947643098
-0.13386686903968245	-0.004370406703160652
-0.13476744166291751	-0.004339448429787595
-0.13566800130505502	-0.0043082980452862065
-0.13656854802093563	-0.004276956467418768
-0.1374690818654001	-0.004245424613947563
-0.13836960289328906	-0.004213703402634873
-0.13927011115944327	-0.00418179375124298
-0.14017060671870343	-0.0041496965775341685
-0.14107108962591025	-0.00411741279927072
-0.14197155993590438	-0.004084943334214916
-0.14287201770352667	-0.004052289100129041
-0.14377246298361768	-0.004019451014775376
-0.14467289583101822	-0.003986429995916203
-0.14557331630056888	-0.003953226961313804
-0.1464737244471105	-0.003919842828730465
-0.1473741203254837	-0.0038862785159284666
-0.1482745039905292	-0.003852534940670089
-0.14917487549708774	-0.003818613020717618
-0.15007523490000002	-0.003784513673833334
-0.15097558226439103	-0.0037502379780939526
-0.15187591769652292	-0.0037157876528339183
-0.1527762413129423	-0.00368116457770211
-0.15367655323019555	-0.003646370632347405
-0.1545768535648292	-0.003611407696418679
-0.15547714243338973	-0.0035762776495648118
-0.15637741995242363	-0.0035409823714346793
-0.15727768623847743	-0.0035055237416771606
-0.15817794140809757	-0.0034699036399411325
-0.15907818557783054	-0.0034341239458754724
-0.15997841886422293	-0.0033981865391290583
-0.16087864138382102	-0.0033620932993507673
-0.1617788532531715	-0.0033258461061894773
-0.16267905458882082	-0.003289446839294066
-0.16357924550731537	-0.0032528973783134104
-0.16447942612520175	-0.003216199602896388
-0.16537959655902637	-0.003179355392691878
-0.16627975692533578	-0.0031423666273487556
-0.1671799073406764	-0.0031052351865158995
-0.16808004792159484	-0.0030679629498421884
-0.16898017878463747	-0.0030305517969764976
-0.16988030004635085	-0.002993003607567706
-0.17078041182328146	-0.0029553202612646917
-0.17168051423197575	-0.0029175036377163312
-0.17258060738898023	-0.002879555616571501
-0.1734806914108414	-0.002841478077479082
-0.17438076641410577	-0.0028032729000879485
-0.17528083251531978	-0.0027649419640469798
-0.17618088983102997	-0.0027264871490050536
-0.1770809384777828	-0.002687910334611046
-0.17798097857212475	-0.002649213400513836
-0.17888101023060232	-0.0026103982263623008
-0.17978103356976205	-0.0025714666918053176
-0.1800510389666667	-0.0025597648221666667
-0.1806810487085719	-0.0025324205424675558
-0.1815810557909998	-0.002493260140359343
-0.18248105497576186	-0.002453985031232781
-0.18338104642176498	-0.002414594750289964
-0.18428103028791593	-0.0023750888327329855
-0.1851810067331216	-0.002335466813763939
-0.18608097591628883	-0.002295728228584917
-0.18698093799632456	-0.0022558726123980133
-0.1878808931321354	-0.002215899500405321
-0.18878084148262844	-0.0021758084278089337
-0.18968078320671036	-0.002135598929810944
-0.19058071846328814	-0.0020952705416134466
-0.19148064741126847	-0.002054822798418533
-0.1923805702095583	-0.002014255235428298
-0.19328048701706443	-0.0019735673878448347
-0.19418039799269374	-0.0019327587908702355
-0.19508030329535303	-0.0018918289797065946
-0.1959802030839492	-0.0018507774895560052
-0.19688009751738905	-0.0018096038556205602
-0.19777998675457942	-0.0017683076131023532
-0.19867987095442716	-0.0017268882972034773
-0.19957975027583924	-0.0016853454431260209
-0.2004796248777222	-0.0016436785860720923
-0.20137949491898313	-0.0016018872612437703
-0.20227936055852883	-0.0015599710038431522
-0.20317922195526616	-0.0015179293490723321
-0.20407907926810204	-0.0014757618321333981
-0.20497893265594297	-0.0014334679882284586
-0.20587878227769615	-0.0013910473525595918
-0.2067786282922683	-0.0013484994603288958
-0.20767847085856625	-0.0013058238467384645
-0.20857831013549696	-0.0012630200469903857
-0.20947814628196704	-0.0012200875962867677
-0.21001804653333336	-0.0011942661800500001
-0.2103779794570319	-0.0011770260665234281
-0.21127780982551667	-0.001133836456065322
-0.21217763755974148	-0.0010905216163112348
-0.21307746283252751	-0.001047084522501318
-0.2139772858166958	-0.001003528149875744
-0.21487710668506765	-0.0009598554736746533
-0.21577692561046416	-0.0009160694691382074
-0.21667674276570645	-0.0008721731115065627
-0.21757655832361572	-0.0008281693760198706
-0.2184763724570129	-0.0007840612379183031
-0.21937618533871941	-0.0007398516724420013
-0.22027599714155627	-0.0006955436548311264
-0.2211758080383447	-0.0006511401603258348
-0.2220756182019058	-0.0006066441641662779
-0.22297542780506055	-0.0005620586415926279
-0.2238752370206303	-0.0005173865678450254
-0.22477504602143622	-0.00047263091816363196
-0.22567485498029932	-0.0004277946677886042
-0.22657466407004095	-0.00038288079196009326
-0.22747447346348185	-0.00033789226591827114
-0.22837428333344356	-0.00029283206490327864
-0.22927409385274708	-0.0002477031641552773
-0.2301739051942136	-0.00020250853891442394
-0.2310737175306643	-0.0001572511644208691
-0.23197353103492002	-0.00011193401591478566
-0.23287334587980227	-6.656006863631396e-5
-0.23377316223813205	-2.1132297825615448e-5
-0.2346729802827305	2.434632127715306e-5
-0.23557280018641896	6.987281343184088e-5
-0.2364726221220181	0.00011544420339827519
-0.23737244626234955	0.00016105751593631576
-0.23827227278023422	0.00020670977580580077
-0.2391721018484933	0.00025239800776657393
-0.23998195033333336	0.0002935457136333334
-0.24007193363994583	0.0002981192368163353
-0.24097176832435668	0.0003438708035813413
-0.24187160606241898	0.0003896509865352683
-0.2427714470131478	0.0004354582375453149
-0.24367129133555815	0.0004812910084786852
-0.2445711391886654	0.0005271477512025889
-0.24547099073148443	0.0005730269175842138
-0.24637084612303062	0.0006189269594907801
-0.2472707055223191	0.0006648463287894873
-0.24817056908836505	0.0007107834773475385
-0.24907043698018386	0.0007567368570321443
-0.24997030935679007	0.0008027049197104921
-0.25087018637719943	0.0008486861172498022
-0.2517700682004269	0.0008946789015172735
-0.2526699549854877	0.0009406817243801104
-0.25356984689139705	0.0009866930377055224
-0.2544697440771698	0.0010327112933606966
-0.2553696467018215	0.0010787349432128546
-0.25626955492436715	0.0011247624391291944
-0.25716946890382203	0.0011707922329769259
-0.25806938879920116	0.0012168227766232425
-0.2589693147695197	0.001262852521935348
-0.2598692469737929	0.0013088799207804575
-0.26076918557103596	0.0013549034250257702
-0.2616691307202641	0.001400921486538495
-0.26256908258049233	0.0014469325571858259
-0.26346904131073573	0.0014929350888349662
-0.26436900707000976	0.0015389275333531319
-0.26526898001732946	0.001584908342607521
-0.26616896031171	0.0016308759684653432
-0.2670689481121665	0.0016768288627937926
-0.2679689435777141	0.0017227654774600721
-0.2688689468673681	0.0017686842643313977
-0.26976895814014357	0.0018145836752749673
-0.2699489613666667	0.0018237610961166668
-0.2706689775513635	0.0018604621164345812
-0.2715690052290612	0.0019063176560294474
-0.2724690412890393	0.0019521482108199877
-0.2733690858470429	0.001997951696852209
-0.2742691390188167	0.0020437260301720997
-0.27516920092010594	0.002089469126825661
-0.2760692716666549	0.002135178902858876
-0.2769693513742089	0.002180853274317741
-0.2778694401585127	0.0022264901572482607
-0.2787695381353113	0.0022720874676964236
-0.2796696454203496	0.0023176431217082323
-0.2805697621293723	0.0023631550353296685
-0.28146988837812426	0.002408621124606729
-0.28237002428235053	0.002454039305585418
-0.283270169957796	0.002499407494311726
-0.28417032552020566	0.0025447236068316527
-0.28507049108532406	0.0025899855591911825
-0.2859706667688962	0.0026351912674363095
-0.2868708526866672	0.0026803386476130404
-0.28777104895438166	0.0027254256157673643
-0.28867125568778484	0.002770450087945281
-0.2895714730026212	0.0028154099801927747
-0.2904717010146358	0.002860303208555841
-0.29137193983957355	0.002905127689080485
-0.2922721895931794	0.002949881337812696
-0.29317245039119816	0.002994562070798474
-0.2940727223493748	0.003039167804083805
-0.2949730055834539	0.0030836964537146808
-0.29587330020918073	0.0031281459357371095
-0.2967736063423	0.0031725141661970795
-0.29767392409855675	0.003216799061140591
-0.2985742535936956	0.0032609985366136283
-0.29947459494346146	0.0033051105086621866
-0.2999247701	0.0033271330296666675
-0.3003749482623548	0.003349132863534215
-0.3012753136362455	0.0033930628021223504
-0.30217569112237447	0.0034368968399639444
-0.30307608077673703	0.0034806314627982772
-0.303976482655329	0.003524263156364639
-0.3048768968141463	0.00356778840640233
-0.30577732330918445	0.0036112036986506338
-0.30667776219643933	0.0036545055188488477
-0.3075782135319065	0.0036976903527362517
-0.3084786773715817	0.003740754686052135
-0.3093791537714607	0.0037836950045357968
-0.31027964278753933	0.00382650779392653
-0.3111801444758132	0.0038691895399636128
-0.3120806588922779	0.00391173672838634
-0.3129811860929292	0.003954145844933998
-0.31388172613376303	0.003996413375345886
-0.314782279070775	0.004038535805361295
-0.3156828449599607	0.004080509620719505
-0.31658342385731597	0.0041223313071598105
-0.31748401581883645	0.0041639973504214965
-0.31838462090051795	0.004205504236243864
-0.3192852391583563	0.004246848450366203
-0.3201858706483469	0.0042880264785277915
-0.3210865154264857	0.004329034806467929
-0.3219871735487684	0.004369869919925898
-0.32288784507119056	0.004410528304640998
-0.3237885300497482	0.004451006446352519
-0.3246892285404368	0.004491300830799743
-0.3255899405992521	0.004531407943721965
-0.3264906662821898	0.0045713242708584675
-0.3273914056452457	0.004611046297948554
-0.3282921587444156	0.0046505705107315115
-0.329192925635695	0.004689893394946623
-0.3299135491166667	0.004721204384166667
-0.33009370637498153	0.0047290114405512075
-0.3309945009973085	0.0047679220317238405
-0.33189530949116064	0.004806624547768863
-0.33279613183872403	0.0048451186379441956
-0.33369696802218446	0.00488340395150775
-0.3345978180237282	0.004921480137717451
-0.3354986818255409	0.004959346845831215
-0.3363995594098088	0.004997003725106971
-0.33730045075871806	0.0050344504248026395
-0.3382013558544545	0.0050716865941761325
-0.339102274679204	0.005108711882485377
-0.3400032072151528	0.005145525938988288
-0.3409041534444869	0.005182128412942793
-0.3418051133493923	0.005218518953606813
-0.3427060869120549	0.005254697210238264
-0.34360707411466074	0.005290662832095066
-0.3445080749393958	0.005326415468435138
-0.3454090893684462	0.005361954768516409
-0.34631011738399803	0.005397280381596798
-0.34721115896823707	0.00543239195693422
-0.3481122141033496	0.005467289143786597
-0.34901328277152116	0.005501971591411848
-0.34991436495493816	0.005536438949067898
-0.35081546063578684	0.005570690866012673
-0.3517165697962526	0.005604726991504083
-0.35261769241852176	0.00563854697480005
-0.35351882848478033	0.005672150465158494
-0.35441997797721436	0.0057055371118373424
-0.35532114087801	0.005738706564094518
-0.3562223171693528	0.00577165847118793
-0.35712350683342914	0.005804392482375504
-0.3580247098524248	0.0058369082469151585
-0.3589259262085261	0.0058692054140648195
-0.35982715588391895	0.005901283633082411
-0.3599172795833334	0.005904479399333334
-0.3607283988523358	0.005933142146778575
-0.36162965504178796	0.005964777999580484
-0.3625309243648984	0.005996187496058606
-0.3634322067342793	0.00602736694022589
-0.36433350206254234	0.006058312636095273
-0.36523481026229926	0.006089020887679687
-0.36613613124616184	0.006119487998992072
-0.3670374649267419	0.0061497102740453655
-0.3679388112166514	0.006179684016852513
-0.3688401700285019	0.006209405531426443
-0.36974154127490516	0.006238871121780096
-0.37064292486847317	0.006268077091926412
-0.37154432072181764	0.006297019745878326
-0.3724457287475505	0.006325695387648784
-0.3733471488582834	0.006354100321250716
-0.37424858096662816	0.006382230850697061
-0.3751500249851966	0.00641008328000076
-0.3760514808266003	0.006437653913174746
-0.37695294840345156	0.006464939054231969
-0.37785442762836186	0.006491935007185354
-0.3787559184139429	0.0065186380760478444
-0.37965742067280667	0.006545044564832378
-0.38055893431756477	0.00657115077755189
-0.3814604592608294	0.006596953018219326
-0.3823619954152118	0.006622447590847617
-0.38326354269332413	0.006647630799449703
-0.38416510100777823	0.006672498948038523
-0.3850666702711855	0.006697048340627013
-0.38596825039615834	0.006721275281228117
-0.3868698412953081	0.006745176073854766
-0.38777144288124665	0.0067687470225199
-0.3886730550665859	0.00679198443123646
-0.3895746777639374	0.006814884604017378
-0.3899353297666667	0.006823949419166668
-0.39047631088408385	0.006837443860461903
-0.39137795431043176	0.00685965875338652
-0.3922796079053148	0.0068815260151388336
-0.39318127153052407	0.0069030423826846035
-0.3940829450478509	0.0069242045929895895
-0.39498462831908665	0.006945009383019562
-0.39588632120602246	0.006965453489740274
-0.3967880235704499	0.006985533650117493
-0.39768973527415996	0.007005246601116978
-0.398591456178944	0.007024589079704491
-0.39949318614659346	0.0070435578228458
-0.40039492503889945	0.00706214956750666
-0.40129667271765346	0.007080361050652838
-0.40219842904464653	0.007098189009250093
-0.40310019388167	0.007115630180264183
-0.4040019670905155	0.007132681300660885
-0.40490374853297384	0.007149339107405946
-0.4058055380708366	0.007165600337465133
-0.4067073355658949	0.007181461727804211
-0.40760914087994005	0.0071969200153889365
-0.40851095387476366	0.00721197193718508
-0.4094127744121566	0.007226614230158397
-0.4103146023539103	0.007240843631274647
-0.4112164375618161	0.007254656877499601
-0.4121182798976651	0.007268050705799012
-0.413020129223249	0.007281021853138651
-0.4139219854003586	0.007293567056484274
-0.41482384829078567	0.0073056830528016444
-0.41572571775632106	0.0073173665790565254
-0.41662759365875623	0.007328614372214676
-0.41752947585988265	0.007339423169241865
-0.4184313642214913	0.0073497897071038475
-0.4193332586053736	0.00735971072276639
-0.4199645881833334	0.007366388600666667
-0.4202351588731278	0.007369183037080972
-0.4211370648714111	0.007378209961168283
-0.42203897642155547	0.007386805807605824
-0.4229408933424391	0.007394985954630415
-0.42384281545294056	0.007402765780478883
-0.42474474257193834	0.0074101606633880535
-0.4256466745183109	0.007417185981594753
-0.4265486111109367	0.007423857113335804
-0.4274505521686942	0.007430189436848031
-0.42835249751046206	0.007436198330368262
-0.4292544469551185	0.007441899172133321
-0.4301564003215422	0.0074473073403800326
-0.4310583574286115	0.007452438213345223
-0.43196031809520496	0.007457307169265716
-0.43286228214020106	0.007461929586378338
-0.43376424938247815	0.007466320842919913
-0.4346662196409149	0.007470496317127266
-0.43556819273438974	0.007474471387237225
-0.436470168481781	0.007478261431486611
-0.43737214670196733	0.0074818818281122525
-0.43827412721382725	0.0074853479553509735
-0.439176109836239	0.007488675191439599
-0.44007809438808115	0.007491878914614952
-0.4409800806882324	0.007494974503113862
-0.4418820685555709	0.007497977335173151
-0.4427840578089754	0.007500902789029646
-0.44368604826732416	0.00750376624292017
-0.4445880397494958	0.007506583075081551
-0.4454900320743688	0.0075093686637506115
-0.44639202506082154	0.007512138387164177
-0.4472940185277325	0.007514907623559073
-0.4481960122939803	0.007517691751172126
-0.4490980061784433	0.0075205061482401594
-0.45	0.007523366193
