-0.45 0.0 0.0 1.0
-0.45 -0.03 0.0 1.0
-0.45 -0.06 0.0 1.0
-0.45 -0.09 0.0 1.0
-0.45 -0.12 0.0 1.0
-0.45 -0.15 0.0 1.0
-0.45 -0.18 0.0 1.0
-0.45 -0.21 0.0 1.0
-0.45 -0.24 0.0 1.0
-0.45 -0.27 0.0 1.0
-0.45 -0.3 0.0 1.0
-0.45 -0.33 0.0 1.0
-0.45 -0.36 0.0 1.0
-0.45 -0.39 0.0 1.0
-0.45 -0.42 0.0 1.0
-0.45 -0.45 0.0 1.0
-0.45 -0.48 0.0 1.0
-0.45 -0.51 0.0 1.0
-0.45 -0.54 0.0 1.0
-0.45 -0.57 0.0 1.0
-0.45 -0.6 0.0 1.0
-0.42 -0.6 0.0 1.0
-0.39 -0.6 0.0 1.0
-0.36 -0.6 0.0 1.0
-0.33 -0.6 0.0 1.0
-0.3 -0.6 0.0 1.0
-0.27 -0.6 0.0 1.0
-0.24 -0.6 0.0 1.0
-0.21 -0.6 0.0 1.0
-0.18 -0.6 0.0 1.0
-0.15 -0.6 0.0 1.0
-0.12 -0.6 0.0 1.0
-0.09 -0.6 0.0 1.0
-0.06 -0.6 0.0 1.0
-0.03 -0.6 0.0 1.0
0.0 -0.6 0.0 1.0
0.03 -0.6 0.0 1.0
0.06 -0.6 0.0 1.0
0.09 -0.6 0.0 1.0
0.12 -0.6 0.0 1.0
0.15 -0.6 0.0 1.0
0.18 -0.6 0.0 1.0
0.21 -0.6 0.0 1.0
0.24 -0.6 0.0 1.0
0.27 -0.6 0.0 1.0
0.3 -0.6 0.0 1.0
0.33 -0.6 0.0 1.0
0.36 -0.6 0.0 1.0
0.39 -0.6 0.0 1.0
0.42 -0.6 0.0 1.0
0.45 -0.6 0.0 1.0
0.45 -0.57 0.0 1.0
0.45 -0.54 0.0 1.0
0.45 -0.51 0.0 1.0
0.45 -0.48 0.0 1.0
0.45 -0.45 0.0 1.0
0.45 -0.42 0.0 1.0
0.45 -0.39 0.0 1.0
0.45 -0.36 0.0 1.0
0.45 -0.33 0.0 1.0
0.45 -0.3 0.0 1.0
0.45 -0.27 0.0 1.0
0.45 -0.24 0.0 1.0
0.45 -0.21 0.0 1.0
0.45 -0.18 0.0 1.0
0.45 -0.15 0.0 1.0
0.45 -0.12 0.0 1.0
0.45 -0.09 0.0 1.0
0.45 -0.06 0.0 1.0
0.45 -0.03 0.0 1.0
0.45 0.0 0.0 1.0
