0.5 -0.000485888574152 0.0 1.0
0.488888881736 -0.000485711357187 0.0 1.0
0.466666647569 -0.000484076355277 0.0 1.0
0.43333329529 -0.000476049764184 0.0 1.0
0.399999945144 -0.000462879933843 0.0 1.0
0.366666597276 -0.000444619269823 0.0 1.0
0.333333252513 -0.000421492466795 0.0 1.0
0.299999911201 -0.000393746311483 0.0 1.0
0.266666573814 -0.000361686561541 0.0 1.0
0.233333240519 -0.000325664003247 0.0 1.0
0.1999999112 -0.000286073434809 0.0 1.0
0.166666585813 -0.000243348582486 0.0 1.0
0.133333263979 -0.000197957561646 0.0 1.0
0.0999999451169 -0.000150397682154 0.0 1.0
0.066666628695 -0.000101190018235 0.0 1.0
0.0333333139296 -5.08736996768e-05 0.0 1.0
-2.61077617858e-12 3.96033812027e-15 0.0 1.0
-0.0333333139191 5.0873699661e-05 0.0 1.0
-0.0666666287082 0.000101190018255 0.0 1.0
-0.0999999451211 0.000150397682159 0.0 1.0
-0.133333263949 0.000197957561604 0.0 1.0
-0.166666585845 0.000243348582528 0.0 1.0
-0.199999911202 0.000286073434809 0.0 1.0
-0.233333240481 0.000325664003205 0.0 1.0
-0.266666573854 0.000361686561582 0.0 1.0
-0.299999911194 0.000393746311479 0.0 1.0
-0.3333332525 0.000421492466774 0.0 1.0
-0.366666597234 0.000444619269839 0.0 1.0
-0.399999945407 0.000462879933853 0.0 1.0
-0.433333294277 0.000476049764128 0.0 1.0
-0.466666651312 0.000484076355475 0.0 1.0
-0.488888873695 0.000485711356763 0.0 1.0
-0.5 0.000485888574152 0.0 1.0
