-0.5 0.000485888574152 0.0 1.0
-0.5 -0.0106360200608 0.0 1.0
-0.5 -0.0328798373308 0.0 1.0
-0.5 -0.0662455632357 0.0 1.0
-0.5 -0.0996112891407 0.0 1.0
-0.5 -0.132977015046 0.0 1.0
-0.5 -0.166342740951 0.0 1.0
-0.5 -0.199708466856 0.0 1.0
-0.5 -0.23307419276 0.0 1.0
-0.5 -0.266439918665 0.0 1.0
-0.5 -0.29980564457 0.0 1.0
-0.5 -0.333171370475 0.0 1.0
-0.5 -0.36653709638 0.0 1.0
-0.5 -0.399902822285 0.0 1.0
-0.5 -0.43326854819 0.0 1.0
-0.5 -0.466634274095 0.0 1.0
-0.5 -0.488878091365 0.0 1.0
-0.5 -0.5 0.0 1.0
-0.488888888889 -0.5 0.0 1.0
-0.466666666667 -0.5 0.0 1.0
-0.433333333333 -0.5 0.0 1.0
-0.4 -0.5 0.0 1.0
-0.366666666667 -0.5 0.0 1.0
-0.333333333333 -0.5 0.0 1.0
-0.3 -0.5 0.0 1.0
-0.266666666667 -0.5 0.0 1.0
-0.233333333333 -0.5 0.0 1.0
-0.2 -0.5 0.0 1.0
-0.166666666667 -0.5 0.0 1.0
-0.133333333333 -0.5 0.0 1.0
-0.1 -0.5 0.0 1.0
-0.0666666666667 -0.5 0.0 1.0
-0.0333333333333 -0.5 0.0 1.0
0.0 -0.5 0.0 1.0
0.0333333333333 -0.5 0.0 1.0
0.0666666666667 -0.5 0.0 1.0
0.1 -0.5 0.0 1.0
0.133333333333 -0.5 0.0 1.0
0.166666666667 -0.5 0.0 1.0
0.2 -0.5 0.0 1.0
0.233333333333 -0.5 0.0 1.0
0.266666666667 -0.5 0.0 1.0
0.3 -0.5 0.0 1.0
0.333333333333 -0.5 0.0 1.0
0.366666666667 -0.5 0.0 1.0
0.4 -0.5 0.0 1.0
0.433333333333 -0.5 0.0 1.0
0.466666666667 -0.5 0.0 1.0
0.488888888889 -0.5 0.0 1.0
0.5 -0.5 0.0 1.0
0.5 -0.488899686413 0.0 1.0
0.5 -0.466699059238 0.0 1.0
0.5 -0.433398118477 0.0 1.0
0.5 -0.400097177715 0.0 1.0
0.5 -0.366796236953 0.0 1.0
0.5 -0.333495296191 0.0 1.0
0.5 -0.30019435543 0.0 1.0
0.5 -0.266893414668 0.0 1.0
0.5 -0.233592473906 0.0 1.0
0.5 -0.200291533144 0.0 1.0
0.5 -0.166990592383 0.0 1.0
0.5 -0.133689651621 0.0 1.0
0.5 -0.100388710859 0.0 1.0
0.5 -0.0670877700976 0.0 1.0
0.5 -0.0337868293359 0.0 1.0
0.5 -0.0115862021614 0.0 1.0
0.5 -0.000485888574152 0.0 1.0
