0.45 -0.01 0.0 1.0
0.439996957421 -0.00999635284316 0.0 1.0
0.419990864254 -0.00996268050833 0.0 1.0
0.389982140059 -0.00979738934365 0.0 1.0
0.359974179511 -0.009526192755 0.0 1.0
0.329967356703 -0.00915018603988 0.0 1.0
0.299961978329 -0.00867401467844 0.0 1.0
0.269958227325 -0.00810277972683 0.0 1.0
0.239956330385 -0.00744279798369 0.0 1.0
0.209956328992 -0.00670130863426 0.0 1.0
0.179958242642 -0.00588645347151 0.0 1.0
0.149961977023 -0.00500716871819 0.0 1.0
0.119967387898 -0.00407309214057 0.0 1.0
0.0899741938213 -0.00309445284905 0.0 1.0
0.0599821465053 -0.00208196503451 0.0 1.0
0.0299908768907 -0.00104670621161 0.0 1.0
-1.2216355965e-09 4.24051813087e-11 0.0 1.0
-0.0299908720042 0.00104670604199 0.0 1.0
-0.0599821525267 0.00208196524355 0.0 1.0
-0.0899741961271 0.00309445291667 0.0 1.0
-0.119967373183 0.00407309167862 0.0 1.0
-0.149961993136 0.00500716920887 0.0 1.0
-0.179958237974 0.00588645333304 0.0 1.0
-0.209956332965 0.00670130873741 0.0 1.0
-0.23995632555 0.0074427978753 0.0 1.0
-0.26995823311 0.00810277983345 0.0 1.0
-0.299961961453 0.00867401438967 0.0 1.0
-0.329967371009 0.0091501862608 0.0 1.0
-0.359974177903 0.00952619271018 0.0 1.0
-0.38998213274 0.00979738930798 0.0 1.0
-0.419990873102 0.00996268053589 0.0 1.0
-0.439996948954 0.00999635282929 0.0 1.0
-0.45 0.01 0.0 1.0
