0.45 0.01 0.0 1.0
0.439987873858 0.00998548894725 0.0 1.0
0.419963528747 0.00985008023906 0.0 1.0
0.389933399984 0.00919365356854 0.0 1.0
0.359914817352 0.00814096039265 0.0 1.0
0.329910985085 0.00673123401224 0.0 1.0
0.299922537189 0.00502863041878 0.0 1.0
0.26994745051 0.00310723186097 0.0 1.0
0.239981420898 0.00105094532514 0.0 1.0
0.210018580632 -0.00105094421797 0.0 1.0
0.180052548278 -0.00310723695005 0.0 1.0
0.150077451767 -0.00502861212282 0.0 1.0
0.120089017661 -0.00673130468441 0.0 1.0
0.0900851765869 -0.00814069631744 0.0 1.0
0.0600665924817 -0.00919464038876 0.0 1.0
0.0300364687993 -0.00984639813136 0.0 1.0
-3.02418201245e-09 -0.0100669345338 0.0 1.0
-0.0300364567026 -0.0098463983021 0.0 1.0
-0.0600666026119 -0.00919464017355 0.0 1.0
-0.0900851806501 -0.00814069608473 0.0 1.0
-0.120089014148 -0.00673130489185 0.0 1.0
-0.150077461716 -0.00502861152783 0.0 1.0
-0.180052548483 -0.00310723691728 0.0 1.0
-0.210018578073 -0.00105094439927 0.0 1.0
-0.239981418339 0.00105094514382 0.0 1.0
-0.269947450712 0.00310723189378 0.0 1.0
-0.299922547148 0.00502863101359 0.0 1.0
-0.329910981534 0.00673123380544 0.0 1.0
-0.359914821557 0.008140960623 0.0 1.0
-0.389933409586 0.00919365379257 0.0 1.0
-0.419963518622 0.00985008003541 0.0 1.0
-0.439987869611 0.00998548896125 0.0 1.0
-0.45 0.01 0.0 1.0
