-0.45 0.0 0.0 1.0
-0.45 -0.01 0.0 1.0
-0.45 -0.03 0.0 1.0
-0.45 -0.06 0.0 1.0
-0.45 -0.09 0.0 1.0
-0.45 -0.12 0.0 1.0
-0.45 -0.15 0.0 1.0
-0.45 -0.18 0.0 1.0
-0.45 -0.21 0.0 1.0
-0.45 -0.24 0.0 1.0
-0.45 -0.27 0.0 1.0
-0.45 -0.3 0.0 1.0
-0.45 -0.33 0.0 1.0
-0.45 -0.36 0.0 1.0
-0.45 -0.39 0.0 1.0
-0.45 -0.42 0.0 1.0
-0.45 -0.45 0.0 1.0
-0.45 -0.48 0.0 1.0
-0.45 -0.51 0.0 1.0
-0.45 -0.54 0.0 1.0
-0.45 -0.57 0.0 1.0
-0.45 -0.59 0.0 1.0
-0.45 -0.6 0.0 1.0
-0.440714285714 -0.6 0.0 1.0
-0.422142857143 -0.6 0.0 1.0
-0.394285714286 -0.6 0.0 1.0
-0.366428571429 -0.6 0.0 1.0
-0.338571428571 -0.6 0.0 1.0
-0.310714285714 -0.6 0.0 1.0
-0.282857142857 -0.6 0.0 1.0
-0.255 -0.6 0.0 1.0
-0.227142857143 -0.6 0.0 1.0
-0.199285714286 -0.6 0.0 1.0
-0.171428571429 -0.6 0.0 1.0
-0.143571428571 -0.6 0.0 1.0
-0.115714285714 -0.6 0.0 1.0
-0.0878571428571 -0.6 0.0 1.0
-0.0692857142857 -0.6 0.0 1.0
-0.06 -0.6 0.0 1.0
-0.0599974852722 -0.587816055536 0.0 1.0
-0.0593463199154 -0.563454955381 0.0 1.0
-0.0562355304335 -0.526999956432 0.0 1.0
-0.0509162692606 -0.490902521098 0.0 1.0
-0.0418734863554 -0.455067610037 0.0 1.0
-0.0304740169732 -0.421797376097 0.0 1.0
9.67500420057e-11 -0.389101312086 0.0 1.0
0.0304740165862 -0.42179737556 0.0 1.0
0.0418734863514 -0.455067609873 0.0 1.0
0.0509162691777 -0.490902520742 0.0 1.0
0.0562355303412 -0.526999955828 0.0 1.0
0.0593463198706 -0.563454953923 0.0 1.0
0.0599974853023 -0.587816056903 0.0 1.0
0.06 -0.6 0.0 1.0
0.0692857142857 -0.6 0.0 1.0
0.0878571428571 -0.6 0.0 1.0
0.115714285714 -0.6 0.0 1.0
0.143571428571 -0.6 0.0 1.0
0.171428571429 -0.6 0.0 1.0
0.199285714286 -0.6 0.0 1.0
0.227142857143 -0.6 0.0 1.0
0.255 -0.6 0.0 1.0
0.282857142857 -0.6 0.0 1.0
0.310714285714 -0.6 0.0 1.0
0.338571428571 -0.6 0.0 1.0
0.366428571429 -0.6 0.0 1.0
0.394285714286 -0.6 0.0 1.0
0.422142857143 -0.6 0.0 1.0
0.440714285714 -0.6 0.0 1.0
0.45 -0.6 0.0 1.0
0.45 -0.59 0.0 1.0
0.45 -0.57 0.0 1.0
0.45 -0.54 0.0 1.0
0.45 -0.51 0.0 1.0
0.45 -0.48 0.0 1.0
0.45 -0.45 0.0 1.0
0.45 -0.42 0.0 1.0
0.45 -0.39 0.0 1.0
0.45 -0.36 0.0 1.0
0.45 -0.33 0.0 1.0
0.45 -0.3 0.0 1.0
0.45 -0.27 0.0 1.0
0.45 -0.24 0.0 1.0
0.45 -0.21 0.0 1.0
0.45 -0.18 0.0 1.0
0.45 -0.15 0.0 1.0
0.45 -0.12 0.0 1.0
0.45 -0.09 0.0 1.0
0.45 -0.06 0.0 1.0
0.45 -0.03 0.0 1.0
0.45 -0.01 0.0 1.0
0.45 0.0 0.0 1.0
