-0.5 0.0 0.0 1.0
-0.5 -0.0111111111111 0.0 1.0
-0.5 -0.0333333333333 0.0 1.0
-0.5 -0.0666666666667 0.0 1.0
-0.5 -0.1 0.0 1.0
-0.5 -0.133333333333 0.0 1.0
-0.5 -0.166666666667 0.0 1.0
-0.5 -0.2 0.0 1.0
-0.5 -0.233333333333 0.0 1.0
-0.5 -0.266666666667 0.0 1.0
-0.5 -0.3 0.0 1.0
-0.5 -0.333333333333 0.0 1.0
-0.5 -0.366666666667 0.0 1.0
-0.5 -0.4 0.0 1.0
-0.5 -0.433333333333 0.0 1.0
-0.5 -0.466666666667 0.0 1.0
-0.5 -0.488888888889 0.0 1.0
-0.5 -0.5 0.0 1.0
-0.488888888889 -0.5 0.0 1.0
-0.466666666667 -0.5 0.0 1.0
-0.433333333333 -0.5 0.0 1.0
-0.4 -0.5 0.0 1.0
-0.366666666667 -0.5 0.0 1.0
-0.333333333333 -0.5 0.0 1.0
-0.3 -0.5 0.0 1.0
-0.266666666667 -0.5 0.0 1.0
-0.233333333333 -0.5 0.0 1.0
-0.2 -0.5 0.0 1.0
-0.166666666667 -0.5 0.0 1.0
-0.133333333333 -0.5 0.0 1.0
-0.1 -0.5 0.0 1.0
-0.0666666666667 -0.5 0.0 1.0
-0.0333333333333 -0.5 0.0 1.0
2.32452945781e-16 -0.5 0.0 1.0
0.0333333333333 -0.5 0.0 1.0
0.0666666666667 -0.5 0.0 1.0
0.1 -0.5 0.0 1.0
0.133333333333 -0.5 0.0 1.0
0.166666666667 -0.5 0.0 1.0
0.2 -0.5 0.0 1.0
0.233333333333 -0.5 0.0 1.0
0.266666666667 -0.5 0.0 1.0
0.3 -0.5 0.0 1.0
0.333333333333 -0.5 0.0 1.0
0.366666666667 -0.5 0.0 1.0
0.4 -0.5 0.0 1.0
0.433333333333 -0.5 0.0 1.0
0.466666666667 -0.5 0.0 1.0
0.488888888889 -0.5 0.0 1.0
0.5 -0.5 0.0 1.0
0.5 -0.488888888889 0.0 1.0
0.5 -0.466666666667 0.0 1.0
0.5 -0.433333333333 0.0 1.0
0.5 -0.4 0.0 1.0
0.5 -0.366666666667 0.0 1.0
0.5 -0.333333333333 0.0 1.0
0.5 -0.3 0.0 1.0
0.5 -0.266666666667 0.0 1.0
0.5 -0.233333333333 0.0 1.0
0.5 -0.2 0.0 1.0
0.5 -0.166666666667 0.0 1.0
0.5 -0.133333333333 0.0 1.0
0.5 -0.1 0.0 1.0
0.5 -0.0666666666667 0.0 1.0
0.5 -0.0333333333333 0.0 1.0
0.5 -0.0111111111111 0.0 1.0
0.5 0.0 0.0 1.0
